trials.thisRepN,trials.thisTrialN,trials.thisN,trials.thisIndex,trials.ran,Colourcodes,participant,session,date,expName,psychopyVersion,OS,frameRate,study_id,trials_4.thisRepN,trials_4.thisTrialN,trials_4.thisN,trials_4.thisIndex,trials_4.ran,StimulusPos,key_resp.keys,key_resp.rt,key_resp_2.keys,key_resp_2.rt,key_resp_15.keys,key_resp_15.rt,key_resp_17.keys,key_resp_17.rt,key_resp_9.keys,key_resp_9.rt,key_resp_10.keys,key_resp_10.rt,Circle1_col,Ecc,Circle2_col,similarity,response_time,mouse_5.x,mouse_5.y,mouse_5.leftButton,mouse_5.midButton,mouse_5.rightButton,mouse_5.clicked_name,mouse_10.x,mouse_10.y,mouse_10.leftButton,mouse_10.midButton,mouse_10.rightButton,mouse_10.clicked_name,mouse_7.x,mouse_7.y,mouse_7.leftButton,mouse_7.midButton,mouse_7.rightButton,catchnumberprac,mouse_6.x,mouse_6.y,mouse_6.leftButton,mouse_6.midButton,mouse_6.rightButton,duringprac.thisRepN,duringprac.thisTrialN,duringprac.thisN,duringprac.thisIndex,duringprac.ran,mouse_7.clicked_name,catchprac,mouse_6.clicked_name,key_resp_22.keys,key_resp_22.rt,Circle1_colour,Circle2_colour,mouse.x,mouse.y,mouse.leftButton,mouse.midButton,mouse.rightButton,mouse.clicked_name,mouse_2.x,mouse_2.y,mouse_2.leftButton,mouse_2.midButton,mouse_2.rightButton,mouse_2.clicked_name,mouse_3.x,mouse_3.y,mouse_3.leftButton,mouse_3.midButton,mouse_3.rightButton,catchresponse,catchnumber,response_time_catch,Catch,mouse_11.x,mouse_11.y,mouse_11.leftButton,mouse_11.midButton,mouse_11.rightButton,trials_2.thisRepN,trials_2.thisTrialN,trials_2.thisN,trials_2.thisIndex,trials_2.ran,Colourpair,Temporder,mouse_3.clicked_name,mouse_11.clicked_name,trials_3.thisRepN,trials_3.thisTrialN,trials_3.thisN,trials_3.thisIndex,trials_3.ran,key_resp_instr_Ishi.keys,key_resp_instr_Ishi.rt,Ishi_trial_keyresp.keys,Ishi_textbox.text,Ishi_mouse.x,Ishi_mouse.y,Ishi_mouse.leftButton,Ishi_mouse.midButton,Ishi_mouse.rightButton,Ishi_mouse.clicked_name,Ishi_loop.thisRepN,Ishi_loop.thisTrialN,Ishi_loop.thisN,Ishi_loop.thisIndex,Ishi_loop.ran,imageaddress,textbox.text,mouse_4.x,mouse_4.y,mouse_4.leftButton,mouse_4.midButton,mouse_4.rightButton,mouse_4.clicked_name,textbox_2.text,mouse_8.x,mouse_8.y,mouse_8.leftButton,mouse_8.midButton,mouse_8.rightButton,mouse_8.clicked_name,textbox_3.text,mouse_9.x,mouse_9.y,mouse_9.leftButton,mouse_9.midButton,mouse_9.rightButton,mouse_9.clicked_name,textbox_4.text,mouse_12.x,mouse_12.y,mouse_12.leftButton,mouse_12.midButton,mouse_12.rightButton,mouse_12.clicked_name,textbox_5.text,mouse_13.x,mouse_13.y,mouse_13.leftButton,mouse_13.midButton,mouse_13.rightButton,mouse_13.clicked_name,textbox_6.text,mouse_14.x,mouse_14.y,mouse_14.leftButton,mouse_14.midButton,mouse_14.rightButton,mouse_14.clicked_name,textbox_7.text,mouse_15.x,mouse_15.y,mouse_15.leftButton,mouse_15.midButton,mouse_15.rightButton,mouse_15.clicked_name
0,0,0,15,1,,60eb274540d8358b70fdbb1d,62c538bf54f3a38dea76a902,2022-07-06_09h34.23.132,Colour_Asymmetry_Pilot,2022.1.3,Win32,57.43495491,62c50e9c1127f2cd403a315f,,,,,,,,,,,,,,,,,,,,,,,,,,,,,,,,,,,,,,,,,,,,,,,,,,,,,,,,,,,,,,,,,,,,,,,,,,,,,,,,,,,,,,,,,,,,,,,,,,,,,,,,,,,,,,,,,,,,,,,,,,,,,,,,,,,,,,,,,,,,,,,,,,,,,,,,,,,,,,,,,,,
0,1,1,49,1,,60eb274540d8358b70fdbb1d,62c538bf54f3a38dea76a902,2022-07-06_09h34.23.132,Colour_Asymmetry_Pilot,2022.1.3,Win32,57.43495491,62c50e9c1127f2cd403a315f,,,,,,,,,,,,,,,,,,,,,,,,,,,,,,,,,,,,,,,,,,,,,,,,,,,,,,,,,,,,,,,,,,,,,,,,,,,,,,,,,,,,,,,,,,,,,,,,,,,,,,,,,,,,,,,,,,,,,,,,,,,,,,,,,,,,,,,,,,,,,,,,,,,,,,,,,,,,,,,,,,,
0,2,2,38,1,,60eb274540d8358b70fdbb1d,62c538bf54f3a38dea76a902,2022-07-06_09h34.23.132,Colour_Asymmetry_Pilot,2022.1.3,Win32,57.43495491,62c50e9c1127f2cd403a315f,,,,,,,,,,,,,,,,,,,,,,,,,,,,,,,,,,,,,,,,,,,,,,,,,,,,,,,,,,,,,,,,,,,,,,,,,,,,,,,,,,,,,,,,,,,,,,,,,,,,,,,,,,,,,,,,,,,,,,,,,,,,,,,,,,,,,,,,,,,,,,,,,,,,,,,,,,,,,,,,,,,
0,3,3,84,1,,60eb274540d8358b70fdbb1d,62c538bf54f3a38dea76a902,2022-07-06_09h34.23.132,Colour_Asymmetry_Pilot,2022.1.3,Win32,57.43495491,62c50e9c1127f2cd403a315f,,,,,,,,,,,,,,,,,,,,,,,,,,,,,,,,,,,,,,,,,,,,,,,,,,,,,,,,,,,,,,,,,,,,,,,,,,,,,,,,,,,,,,,,,,,,,,,,,,,,,,,,,,,,,,,,,,,,,,,,,,,,,,,,,,,,,,,,,,,,,,,,,,,,,,,,,,,,,,,,,,,
0,4,4,56,1,,60eb274540d8358b70fdbb1d,62c538bf54f3a38dea76a902,2022-07-06_09h34.23.132,Colour_Asymmetry_Pilot,2022.1.3,Win32,57.43495491,62c50e9c1127f2cd403a315f,,,,,,,,,,,,,,,,,,,,,,,,,,,,,,,,,,,,,,,,,,,,,,,,,,,,,,,,,,,,,,,,,,,,,,,,,,,,,,,,,,,,,,,,,,,,,,,,,,,,,,,,,,,,,,,,,,,,,,,,,,,,,,,,,,,,,,,,,,,,,,,,,,,,,,,,,,,,,,,,,,,
0,5,5,16,1,,60eb274540d8358b70fdbb1d,62c538bf54f3a38dea76a902,2022-07-06_09h34.23.132,Colour_Asymmetry_Pilot,2022.1.3,Win32,57.43495491,62c50e9c1127f2cd403a315f,,,,,,,,,,,,,,,,,,,,,,,,,,,,,,,,,,,,,,,,,,,,,,,,,,,,,,,,,,,,,,,,,,,,,,,,,,,,,,,,,,,,,,,,,,,,,,,,,,,,,,,,,,,,,,,,,,,,,,,,,,,,,,,,,,,,,,,,,,,,,,,,,,,,,,,,,,,,,,,,,,,
0,6,6,80,1,,60eb274540d8358b70fdbb1d,62c538bf54f3a38dea76a902,2022-07-06_09h34.23.132,Colour_Asymmetry_Pilot,2022.1.3,Win32,57.43495491,62c50e9c1127f2cd403a315f,,,,,,,,,,,,,,,,,,,,,,,,,,,,,,,,,,,,,,,,,,,,,,,,,,,,,,,,,,,,,,,,,,,,,,,,,,,,,,,,,,,,,,,,,,,,,,,,,,,,,,,,,,,,,,,,,,,,,,,,,,,,,,,,,,,,,,,,,,,,,,,,,,,,,,,,,,,,,,,,,,,
0,7,7,28,1,,60eb274540d8358b70fdbb1d,62c538bf54f3a38dea76a902,2022-07-06_09h34.23.132,Colour_Asymmetry_Pilot,2022.1.3,Win32,57.43495491,62c50e9c1127f2cd403a315f,,,,,,,,,,,,,,,,,,,,,,,,,,,,,,,,,,,,,,,,,,,,,,,,,,,,,,,,,,,,,,,,,,,,,,,,,,,,,,,,,,,,,,,,,,,,,,,,,,,,,,,,,,,,,,,,,,,,,,,,,,,,,,,,,,,,,,,,,,,,,,,,,,,,,,,,,,,,,,,,,,,
0,8,8,68,1,,60eb274540d8358b70fdbb1d,62c538bf54f3a38dea76a902,2022-07-06_09h34.23.132,Colour_Asymmetry_Pilot,2022.1.3,Win32,57.43495491,62c50e9c1127f2cd403a315f,,,,,,,,,,,,,,,,,,,,,,,,,,,,,,,,,,,,,,,,,,,,,,,,,,,,,,,,,,,,,,,,,,,,,,,,,,,,,,,,,,,,,,,,,,,,,,,,,,,,,,,,,,,,,,,,,,,,,,,,,,,,,,,,,,,,,,,,,,,,,,,,,,,,,,,,,,,,,,,,,,,
0,9,9,83,1,,60eb274540d8358b70fdbb1d,62c538bf54f3a38dea76a902,2022-07-06_09h34.23.132,Colour_Asymmetry_Pilot,2022.1.3,Win32,57.43495491,62c50e9c1127f2cd403a315f,,,,,,,,,,,,,,,,,,,,,,,,,,,,,,,,,,,,,,,,,,,,,,,,,,,,,,,,,,,,,,,,,,,,,,,,,,,,,,,,,,,,,,,,,,,,,,,,,,,,,,,,,,,,,,,,,,,,,,,,,,,,,,,,,,,,,,,,,,,,,,,,,,,,,,,,,,,,,,,,,,,
0,10,10,76,1,,60eb274540d8358b70fdbb1d,62c538bf54f3a38dea76a902,2022-07-06_09h34.23.132,Colour_Asymmetry_Pilot,2022.1.3,Win32,57.43495491,62c50e9c1127f2cd403a315f,,,,,,,,,,,,,,,,,,,,,,,,,,,,,,,,,,,,,,,,,,,,,,,,,,,,,,,,,,,,,,,,,,,,,,,,,,,,,,,,,,,,,,,,,,,,,,,,,,,,,,,,,,,,,,,,,,,,,,,,,,,,,,,,,,,,,,,,,,,,,,,,,,,,,,,,,,,,,,,,,,,
0,11,11,19,1,,60eb274540d8358b70fdbb1d,62c538bf54f3a38dea76a902,2022-07-06_09h34.23.132,Colour_Asymmetry_Pilot,2022.1.3,Win32,57.43495491,62c50e9c1127f2cd403a315f,,,,,,,,,,,,,,,,,,,,,,,,,,,,,,,,,,,,,,,,,,,,,,,,,,,,,,,,,,,,,,,,,,,,,,,,,,,,,,,,,,,,,,,,,,,,,,,,,,,,,,,,,,,,,,,,,,,,,,,,,,,,,,,,,,,,,,,,,,,,,,,,,,,,,,,,,,,,,,,,,,,
0,12,12,87,1,,60eb274540d8358b70fdbb1d,62c538bf54f3a38dea76a902,2022-07-06_09h34.23.132,Colour_Asymmetry_Pilot,2022.1.3,Win32,57.43495491,62c50e9c1127f2cd403a315f,,,,,,,,,,,,,,,,,,,,,,,,,,,,,,,,,,,,,,,,,,,,,,,,,,,,,,,,,,,,,,,,,,,,,,,,,,,,,,,,,,,,,,,,,,,,,,,,,,,,,,,,,,,,,,,,,,,,,,,,,,,,,,,,,,,,,,,,,,,,,,,,,,,,,,,,,,,,,,,,,,,
0,13,13,63,1,,60eb274540d8358b70fdbb1d,62c538bf54f3a38dea76a902,2022-07-06_09h34.23.132,Colour_Asymmetry_Pilot,2022.1.3,Win32,57.43495491,62c50e9c1127f2cd403a315f,,,,,,,,,,,,,,,,,,,,,,,,,,,,,,,,,,,,,,,,,,,,,,,,,,,,,,,,,,,,,,,,,,,,,,,,,,,,,,,,,,,,,,,,,,,,,,,,,,,,,,,,,,,,,,,,,,,,,,,,,,,,,,,,,,,,,,,,,,,,,,,,,,,,,,,,,,,,,,,,,,,
0,14,14,27,1,,60eb274540d8358b70fdbb1d,62c538bf54f3a38dea76a902,2022-07-06_09h34.23.132,Colour_Asymmetry_Pilot,2022.1.3,Win32,57.43495491,62c50e9c1127f2cd403a315f,,,,,,,,,,,,,,,,,,,,,,,,,,,,,,,,,,,,,,,,,,,,,,,,,,,,,,,,,,,,,,,,,,,,,,,,,,,,,,,,,,,,,,,,,,,,,,,,,,,,,,,,,,,,,,,,,,,,,,,,,,,,,,,,,,,,,,,,,,,,,,,,,,,,,,,,,,,,,,,,,,,
0,15,15,90,1,,60eb274540d8358b70fdbb1d,62c538bf54f3a38dea76a902,2022-07-06_09h34.23.132,Colour_Asymmetry_Pilot,2022.1.3,Win32,57.43495491,62c50e9c1127f2cd403a315f,,,,,,,,,,,,,,,,,,,,,,,,,,,,,,,,,,,,,,,,,,,,,,,,,,,,,,,,,,,,,,,,,,,,,,,,,,,,,,,,,,,,,,,,,,,,,,,,,,,,,,,,,,,,,,,,,,,,,,,,,,,,,,,,,,,,,,,,,,,,,,,,,,,,,,,,,,,,,,,,,,,
0,16,16,59,1,,60eb274540d8358b70fdbb1d,62c538bf54f3a38dea76a902,2022-07-06_09h34.23.132,Colour_Asymmetry_Pilot,2022.1.3,Win32,57.43495491,62c50e9c1127f2cd403a315f,,,,,,,,,,,,,,,,,,,,,,,,,,,,,,,,,,,,,,,,,,,,,,,,,,,,,,,,,,,,,,,,,,,,,,,,,,,,,,,,,,,,,,,,,,,,,,,,,,,,,,,,,,,,,,,,,,,,,,,,,,,,,,,,,,,,,,,,,,,,,,,,,,,,,,,,,,,,,,,,,,,
0,17,17,89,1,,60eb274540d8358b70fdbb1d,62c538bf54f3a38dea76a902,2022-07-06_09h34.23.132,Colour_Asymmetry_Pilot,2022.1.3,Win32,57.43495491,62c50e9c1127f2cd403a315f,,,,,,,,,,,,,,,,,,,,,,,,,,,,,,,,,,,,,,,,,,,,,,,,,,,,,,,,,,,,,,,,,,,,,,,,,,,,,,,,,,,,,,,,,,,,,,,,,,,,,,,,,,,,,,,,,,,,,,,,,,,,,,,,,,,,,,,,,,,,,,,,,,,,,,,,,,,,,,,,,,,
0,18,18,58,1,,60eb274540d8358b70fdbb1d,62c538bf54f3a38dea76a902,2022-07-06_09h34.23.132,Colour_Asymmetry_Pilot,2022.1.3,Win32,57.43495491,62c50e9c1127f2cd403a315f,,,,,,,,,,,,,,,,,,,,,,,,,,,,,,,,,,,,,,,,,,,,,,,,,,,,,,,,,,,,,,,,,,,,,,,,,,,,,,,,,,,,,,,,,,,,,,,,,,,,,,,,,,,,,,,,,,,,,,,,,,,,,,,,,,,,,,,,,,,,,,,,,,,,,,,,,,,,,,,,,,,
0,19,19,65,1,,60eb274540d8358b70fdbb1d,62c538bf54f3a38dea76a902,2022-07-06_09h34.23.132,Colour_Asymmetry_Pilot,2022.1.3,Win32,57.43495491,62c50e9c1127f2cd403a315f,,,,,,,,,,,,,,,,,,,,,,,,,,,,,,,,,,,,,,,,,,,,,,,,,,,,,,,,,,,,,,,,,,,,,,,,,,,,,,,,,,,,,,,,,,,,,,,,,,,,,,,,,,,,,,,,,,,,,,,,,,,,,,,,,,,,,,,,,,,,,,,,,,,,,,,,,,,,,,,,,,,
0,20,20,73,1,,60eb274540d8358b70fdbb1d,62c538bf54f3a38dea76a902,2022-07-06_09h34.23.132,Colour_Asymmetry_Pilot,2022.1.3,Win32,57.43495491,62c50e9c1127f2cd403a315f,,,,,,,,,,,,,,,,,,,,,,,,,,,,,,,,,,,,,,,,,,,,,,,,,,,,,,,,,,,,,,,,,,,,,,,,,,,,,,,,,,,,,,,,,,,,,,,,,,,,,,,,,,,,,,,,,,,,,,,,,,,,,,,,,,,,,,,,,,,,,,,,,,,,,,,,,,,,,,,,,,,
0,21,21,11,1,,60eb274540d8358b70fdbb1d,62c538bf54f3a38dea76a902,2022-07-06_09h34.23.132,Colour_Asymmetry_Pilot,2022.1.3,Win32,57.43495491,62c50e9c1127f2cd403a315f,,,,,,,,,,,,,,,,,,,,,,,,,,,,,,,,,,,,,,,,,,,,,,,,,,,,,,,,,,,,,,,,,,,,,,,,,,,,,,,,,,,,,,,,,,,,,,,,,,,,,,,,,,,,,,,,,,,,,,,,,,,,,,,,,,,,,,,,,,,,,,,,,,,,,,,,,,,,,,,,,,,
0,22,22,86,1,,60eb274540d8358b70fdbb1d,62c538bf54f3a38dea76a902,2022-07-06_09h34.23.132,Colour_Asymmetry_Pilot,2022.1.3,Win32,57.43495491,62c50e9c1127f2cd403a315f,,,,,,,,,,,,,,,,,,,,,,,,,,,,,,,,,,,,,,,,,,,,,,,,,,,,,,,,,,,,,,,,,,,,,,,,,,,,,,,,,,,,,,,,,,,,,,,,,,,,,,,,,,,,,,,,,,,,,,,,,,,,,,,,,,,,,,,,,,,,,,,,,,,,,,,,,,,,,,,,,,,
0,23,23,46,1,,60eb274540d8358b70fdbb1d,62c538bf54f3a38dea76a902,2022-07-06_09h34.23.132,Colour_Asymmetry_Pilot,2022.1.3,Win32,57.43495491,62c50e9c1127f2cd403a315f,,,,,,,,,,,,,,,,,,,,,,,,,,,,,,,,,,,,,,,,,,,,,,,,,,,,,,,,,,,,,,,,,,,,,,,,,,,,,,,,,,,,,,,,,,,,,,,,,,,,,,,,,,,,,,,,,,,,,,,,,,,,,,,,,,,,,,,,,,,,,,,,,,,,,,,,,,,,,,,,,,,
0,24,24,10,1,,60eb274540d8358b70fdbb1d,62c538bf54f3a38dea76a902,2022-07-06_09h34.23.132,Colour_Asymmetry_Pilot,2022.1.3,Win32,57.43495491,62c50e9c1127f2cd403a315f,,,,,,,,,,,,,,,,,,,,,,,,,,,,,,,,,,,,,,,,,,,,,,,,,,,,,,,,,,,,,,,,,,,,,,,,,,,,,,,,,,,,,,,,,,,,,,,,,,,,,,,,,,,,,,,,,,,,,,,,,,,,,,,,,,,,,,,,,,,,,,,,,,,,,,,,,,,,,,,,,,,
0,25,25,61,1,,60eb274540d8358b70fdbb1d,62c538bf54f3a38dea76a902,2022-07-06_09h34.23.132,Colour_Asymmetry_Pilot,2022.1.3,Win32,57.43495491,62c50e9c1127f2cd403a315f,,,,,,,,,,,,,,,,,,,,,,,,,,,,,,,,,,,,,,,,,,,,,,,,,,,,,,,,,,,,,,,,,,,,,,,,,,,,,,,,,,,,,,,,,,,,,,,,,,,,,,,,,,,,,,,,,,,,,,,,,,,,,,,,,,,,,,,,,,,,,,,,,,,,,,,,,,,,,,,,,,,
0,26,26,5,1,,60eb274540d8358b70fdbb1d,62c538bf54f3a38dea76a902,2022-07-06_09h34.23.132,Colour_Asymmetry_Pilot,2022.1.3,Win32,57.43495491,62c50e9c1127f2cd403a315f,,,,,,,,,,,,,,,,,,,,,,,,,,,,,,,,,,,,,,,,,,,,,,,,,,,,,,,,,,,,,,,,,,,,,,,,,,,,,,,,,,,,,,,,,,,,,,,,,,,,,,,,,,,,,,,,,,,,,,,,,,,,,,,,,,,,,,,,,,,,,,,,,,,,,,,,,,,,,,,,,,,
0,27,27,32,1,,60eb274540d8358b70fdbb1d,62c538bf54f3a38dea76a902,2022-07-06_09h34.23.132,Colour_Asymmetry_Pilot,2022.1.3,Win32,57.43495491,62c50e9c1127f2cd403a315f,,,,,,,,,,,,,,,,,,,,,,,,,,,,,,,,,,,,,,,,,,,,,,,,,,,,,,,,,,,,,,,,,,,,,,,,,,,,,,,,,,,,,,,,,,,,,,,,,,,,,,,,,,,,,,,,,,,,,,,,,,,,,,,,,,,,,,,,,,,,,,,,,,,,,,,,,,,,,,,,,,,
0,28,28,4,1,,60eb274540d8358b70fdbb1d,62c538bf54f3a38dea76a902,2022-07-06_09h34.23.132,Colour_Asymmetry_Pilot,2022.1.3,Win32,57.43495491,62c50e9c1127f2cd403a315f,,,,,,,,,,,,,,,,,,,,,,,,,,,,,,,,,,,,,,,,,,,,,,,,,,,,,,,,,,,,,,,,,,,,,,,,,,,,,,,,,,,,,,,,,,,,,,,,,,,,,,,,,,,,,,,,,,,,,,,,,,,,,,,,,,,,,,,,,,,,,,,,,,,,,,,,,,,,,,,,,,,
0,29,29,50,1,,60eb274540d8358b70fdbb1d,62c538bf54f3a38dea76a902,2022-07-06_09h34.23.132,Colour_Asymmetry_Pilot,2022.1.3,Win32,57.43495491,62c50e9c1127f2cd403a315f,,,,,,,,,,,,,,,,,,,,,,,,,,,,,,,,,,,,,,,,,,,,,,,,,,,,,,,,,,,,,,,,,,,,,,,,,,,,,,,,,,,,,,,,,,,,,,,,,,,,,,,,,,,,,,,,,,,,,,,,,,,,,,,,,,,,,,,,,,,,,,,,,,,,,,,,,,,,,,,,,,,
0,30,30,43,1,,60eb274540d8358b70fdbb1d,62c538bf54f3a38dea76a902,2022-07-06_09h34.23.132,Colour_Asymmetry_Pilot,2022.1.3,Win32,57.43495491,62c50e9c1127f2cd403a315f,,,,,,,,,,,,,,,,,,,,,,,,,,,,,,,,,,,,,,,,,,,,,,,,,,,,,,,,,,,,,,,,,,,,,,,,,,,,,,,,,,,,,,,,,,,,,,,,,,,,,,,,,,,,,,,,,,,,,,,,,,,,,,,,,,,,,,,,,,,,,,,,,,,,,,,,,,,,,,,,,,,
0,31,31,26,1,,60eb274540d8358b70fdbb1d,62c538bf54f3a38dea76a902,2022-07-06_09h34.23.132,Colour_Asymmetry_Pilot,2022.1.3,Win32,57.43495491,62c50e9c1127f2cd403a315f,,,,,,,,,,,,,,,,,,,,,,,,,,,,,,,,,,,,,,,,,,,,,,,,,,,,,,,,,,,,,,,,,,,,,,,,,,,,,,,,,,,,,,,,,,,,,,,,,,,,,,,,,,,,,,,,,,,,,,,,,,,,,,,,,,,,,,,,,,,,,,,,,,,,,,,,,,,,,,,,,,,
0,32,32,82,1,,60eb274540d8358b70fdbb1d,62c538bf54f3a38dea76a902,2022-07-06_09h34.23.132,Colour_Asymmetry_Pilot,2022.1.3,Win32,57.43495491,62c50e9c1127f2cd403a315f,,,,,,,,,,,,,,,,,,,,,,,,,,,,,,,,,,,,,,,,,,,,,,,,,,,,,,,,,,,,,,,,,,,,,,,,,,,,,,,,,,,,,,,,,,,,,,,,,,,,,,,,,,,,,,,,,,,,,,,,,,,,,,,,,,,,,,,,,,,,,,,,,,,,,,,,,,,,,,,,,,,
0,33,33,64,1,,60eb274540d8358b70fdbb1d,62c538bf54f3a38dea76a902,2022-07-06_09h34.23.132,Colour_Asymmetry_Pilot,2022.1.3,Win32,57.43495491,62c50e9c1127f2cd403a315f,,,,,,,,,,,,,,,,,,,,,,,,,,,,,,,,,,,,,,,,,,,,,,,,,,,,,,,,,,,,,,,,,,,,,,,,,,,,,,,,,,,,,,,,,,,,,,,,,,,,,,,,,,,,,,,,,,,,,,,,,,,,,,,,,,,,,,,,,,,,,,,,,,,,,,,,,,,,,,,,,,,
0,34,34,31,1,,60eb274540d8358b70fdbb1d,62c538bf54f3a38dea76a902,2022-07-06_09h34.23.132,Colour_Asymmetry_Pilot,2022.1.3,Win32,57.43495491,62c50e9c1127f2cd403a315f,,,,,,,,,,,,,,,,,,,,,,,,,,,,,,,,,,,,,,,,,,,,,,,,,,,,,,,,,,,,,,,,,,,,,,,,,,,,,,,,,,,,,,,,,,,,,,,,,,,,,,,,,,,,,,,,,,,,,,,,,,,,,,,,,,,,,,,,,,,,,,,,,,,,,,,,,,,,,,,,,,,
0,35,35,42,1,,60eb274540d8358b70fdbb1d,62c538bf54f3a38dea76a902,2022-07-06_09h34.23.132,Colour_Asymmetry_Pilot,2022.1.3,Win32,57.43495491,62c50e9c1127f2cd403a315f,,,,,,,,,,,,,,,,,,,,,,,,,,,,,,,,,,,,,,,,,,,,,,,,,,,,,,,,,,,,,,,,,,,,,,,,,,,,,,,,,,,,,,,,,,,,,,,,,,,,,,,,,,,,,,,,,,,,,,,,,,,,,,,,,,,,,,,,,,,,,,,,,,,,,,,,,,,,,,,,,,,
0,36,36,47,1,,60eb274540d8358b70fdbb1d,62c538bf54f3a38dea76a902,2022-07-06_09h34.23.132,Colour_Asymmetry_Pilot,2022.1.3,Win32,57.43495491,62c50e9c1127f2cd403a315f,,,,,,,,,,,,,,,,,,,,,,,,,,,,,,,,,,,,,,,,,,,,,,,,,,,,,,,,,,,,,,,,,,,,,,,,,,,,,,,,,,,,,,,,,,,,,,,,,,,,,,,,,,,,,,,,,,,,,,,,,,,,,,,,,,,,,,,,,,,,,,,,,,,,,,,,,,,,,,,,,,,
0,37,37,44,1,,60eb274540d8358b70fdbb1d,62c538bf54f3a38dea76a902,2022-07-06_09h34.23.132,Colour_Asymmetry_Pilot,2022.1.3,Win32,57.43495491,62c50e9c1127f2cd403a315f,,,,,,,,,,,,,,,,,,,,,,,,,,,,,,,,,,,,,,,,,,,,,,,,,,,,,,,,,,,,,,,,,,,,,,,,,,,,,,,,,,,,,,,,,,,,,,,,,,,,,,,,,,,,,,,,,,,,,,,,,,,,,,,,,,,,,,,,,,,,,,,,,,,,,,,,,,,,,,,,,,,
0,38,38,79,1,,60eb274540d8358b70fdbb1d,62c538bf54f3a38dea76a902,2022-07-06_09h34.23.132,Colour_Asymmetry_Pilot,2022.1.3,Win32,57.43495491,62c50e9c1127f2cd403a315f,,,,,,,,,,,,,,,,,,,,,,,,,,,,,,,,,,,,,,,,,,,,,,,,,,,,,,,,,,,,,,,,,,,,,,,,,,,,,,,,,,,,,,,,,,,,,,,,,,,,,,,,,,,,,,,,,,,,,,,,,,,,,,,,,,,,,,,,,,,,,,,,,,,,,,,,,,,,,,,,,,,
0,39,39,45,1,,60eb274540d8358b70fdbb1d,62c538bf54f3a38dea76a902,2022-07-06_09h34.23.132,Colour_Asymmetry_Pilot,2022.1.3,Win32,57.43495491,62c50e9c1127f2cd403a315f,,,,,,,,,,,,,,,,,,,,,,,,,,,,,,,,,,,,,,,,,,,,,,,,,,,,,,,,,,,,,,,,,,,,,,,,,,,,,,,,,,,,,,,,,,,,,,,,,,,,,,,,,,,,,,,,,,,,,,,,,,,,,,,,,,,,,,,,,,,,,,,,,,,,,,,,,,,,,,,,,,,
0,40,40,34,1,,60eb274540d8358b70fdbb1d,62c538bf54f3a38dea76a902,2022-07-06_09h34.23.132,Colour_Asymmetry_Pilot,2022.1.3,Win32,57.43495491,62c50e9c1127f2cd403a315f,,,,,,,,,,,,,,,,,,,,,,,,,,,,,,,,,,,,,,,,,,,,,,,,,,,,,,,,,,,,,,,,,,,,,,,,,,,,,,,,,,,,,,,,,,,,,,,,,,,,,,,,,,,,,,,,,,,,,,,,,,,,,,,,,,,,,,,,,,,,,,,,,,,,,,,,,,,,,,,,,,,
0,41,41,78,1,,60eb274540d8358b70fdbb1d,62c538bf54f3a38dea76a902,2022-07-06_09h34.23.132,Colour_Asymmetry_Pilot,2022.1.3,Win32,57.43495491,62c50e9c1127f2cd403a315f,,,,,,,,,,,,,,,,,,,,,,,,,,,,,,,,,,,,,,,,,,,,,,,,,,,,,,,,,,,,,,,,,,,,,,,,,,,,,,,,,,,,,,,,,,,,,,,,,,,,,,,,,,,,,,,,,,,,,,,,,,,,,,,,,,,,,,,,,,,,,,,,,,,,,,,,,,,,,,,,,,,
0,42,42,88,1,,60eb274540d8358b70fdbb1d,62c538bf54f3a38dea76a902,2022-07-06_09h34.23.132,Colour_Asymmetry_Pilot,2022.1.3,Win32,57.43495491,62c50e9c1127f2cd403a315f,,,,,,,,,,,,,,,,,,,,,,,,,,,,,,,,,,,,,,,,,,,,,,,,,,,,,,,,,,,,,,,,,,,,,,,,,,,,,,,,,,,,,,,,,,,,,,,,,,,,,,,,,,,,,,,,,,,,,,,,,,,,,,,,,,,,,,,,,,,,,,,,,,,,,,,,,,,,,,,,,,,
0,43,43,9,1,,60eb274540d8358b70fdbb1d,62c538bf54f3a38dea76a902,2022-07-06_09h34.23.132,Colour_Asymmetry_Pilot,2022.1.3,Win32,57.43495491,62c50e9c1127f2cd403a315f,,,,,,,,,,,,,,,,,,,,,,,,,,,,,,,,,,,,,,,,,,,,,,,,,,,,,,,,,,,,,,,,,,,,,,,,,,,,,,,,,,,,,,,,,,,,,,,,,,,,,,,,,,,,,,,,,,,,,,,,,,,,,,,,,,,,,,,,,,,,,,,,,,,,,,,,,,,,,,,,,,,
0,44,44,75,1,,60eb274540d8358b70fdbb1d,62c538bf54f3a38dea76a902,2022-07-06_09h34.23.132,Colour_Asymmetry_Pilot,2022.1.3,Win32,57.43495491,62c50e9c1127f2cd403a315f,,,,,,,,,,,,,,,,,,,,,,,,,,,,,,,,,,,,,,,,,,,,,,,,,,,,,,,,,,,,,,,,,,,,,,,,,,,,,,,,,,,,,,,,,,,,,,,,,,,,,,,,,,,,,,,,,,,,,,,,,,,,,,,,,,,,,,,,,,,,,,,,,,,,,,,,,,,,,,,,,,,
0,45,45,70,1,,60eb274540d8358b70fdbb1d,62c538bf54f3a38dea76a902,2022-07-06_09h34.23.132,Colour_Asymmetry_Pilot,2022.1.3,Win32,57.43495491,62c50e9c1127f2cd403a315f,,,,,,,,,,,,,,,,,,,,,,,,,,,,,,,,,,,,,,,,,,,,,,,,,,,,,,,,,,,,,,,,,,,,,,,,,,,,,,,,,,,,,,,,,,,,,,,,,,,,,,,,,,,,,,,,,,,,,,,,,,,,,,,,,,,,,,,,,,,,,,,,,,,,,,,,,,,,,,,,,,,
0,46,46,40,1,,60eb274540d8358b70fdbb1d,62c538bf54f3a38dea76a902,2022-07-06_09h34.23.132,Colour_Asymmetry_Pilot,2022.1.3,Win32,57.43495491,62c50e9c1127f2cd403a315f,,,,,,,,,,,,,,,,,,,,,,,,,,,,,,,,,,,,,,,,,,,,,,,,,,,,,,,,,,,,,,,,,,,,,,,,,,,,,,,,,,,,,,,,,,,,,,,,,,,,,,,,,,,,,,,,,,,,,,,,,,,,,,,,,,,,,,,,,,,,,,,,,,,,,,,,,,,,,,,,,,,
0,47,47,14,1,,60eb274540d8358b70fdbb1d,62c538bf54f3a38dea76a902,2022-07-06_09h34.23.132,Colour_Asymmetry_Pilot,2022.1.3,Win32,57.43495491,62c50e9c1127f2cd403a315f,,,,,,,,,,,,,,,,,,,,,,,,,,,,,,,,,,,,,,,,,,,,,,,,,,,,,,,,,,,,,,,,,,,,,,,,,,,,,,,,,,,,,,,,,,,,,,,,,,,,,,,,,,,,,,,,,,,,,,,,,,,,,,,,,,,,,,,,,,,,,,,,,,,,,,,,,,,,,,,,,,,
0,48,48,74,1,,60eb274540d8358b70fdbb1d,62c538bf54f3a38dea76a902,2022-07-06_09h34.23.132,Colour_Asymmetry_Pilot,2022.1.3,Win32,57.43495491,62c50e9c1127f2cd403a315f,,,,,,,,,,,,,,,,,,,,,,,,,,,,,,,,,,,,,,,,,,,,,,,,,,,,,,,,,,,,,,,,,,,,,,,,,,,,,,,,,,,,,,,,,,,,,,,,,,,,,,,,,,,,,,,,,,,,,,,,,,,,,,,,,,,,,,,,,,,,,,,,,,,,,,,,,,,,,,,,,,,
0,49,49,51,1,,60eb274540d8358b70fdbb1d,62c538bf54f3a38dea76a902,2022-07-06_09h34.23.132,Colour_Asymmetry_Pilot,2022.1.3,Win32,57.43495491,62c50e9c1127f2cd403a315f,,,,,,,,,,,,,,,,,,,,,,,,,,,,,,,,,,,,,,,,,,,,,,,,,,,,,,,,,,,,,,,,,,,,,,,,,,,,,,,,,,,,,,,,,,,,,,,,,,,,,,,,,,,,,,,,,,,,,,,,,,,,,,,,,,,,,,,,,,,,,,,,,,,,,,,,,,,,,,,,,,,
0,50,50,30,1,,60eb274540d8358b70fdbb1d,62c538bf54f3a38dea76a902,2022-07-06_09h34.23.132,Colour_Asymmetry_Pilot,2022.1.3,Win32,57.43495491,62c50e9c1127f2cd403a315f,,,,,,,,,,,,,,,,,,,,,,,,,,,,,,,,,,,,,,,,,,,,,,,,,,,,,,,,,,,,,,,,,,,,,,,,,,,,,,,,,,,,,,,,,,,,,,,,,,,,,,,,,,,,,,,,,,,,,,,,,,,,,,,,,,,,,,,,,,,,,,,,,,,,,,,,,,,,,,,,,,,
0,51,51,12,1,,60eb274540d8358b70fdbb1d,62c538bf54f3a38dea76a902,2022-07-06_09h34.23.132,Colour_Asymmetry_Pilot,2022.1.3,Win32,57.43495491,62c50e9c1127f2cd403a315f,,,,,,,,,,,,,,,,,,,,,,,,,,,,,,,,,,,,,,,,,,,,,,,,,,,,,,,,,,,,,,,,,,,,,,,,,,,,,,,,,,,,,,,,,,,,,,,,,,,,,,,,,,,,,,,,,,,,,,,,,,,,,,,,,,,,,,,,,,,,,,,,,,,,,,,,,,,,,,,,,,,
0,52,52,85,1,,60eb274540d8358b70fdbb1d,62c538bf54f3a38dea76a902,2022-07-06_09h34.23.132,Colour_Asymmetry_Pilot,2022.1.3,Win32,57.43495491,62c50e9c1127f2cd403a315f,,,,,,,,,,,,,,,,,,,,,,,,,,,,,,,,,,,,,,,,,,,,,,,,,,,,,,,,,,,,,,,,,,,,,,,,,,,,,,,,,,,,,,,,,,,,,,,,,,,,,,,,,,,,,,,,,,,,,,,,,,,,,,,,,,,,,,,,,,,,,,,,,,,,,,,,,,,,,,,,,,,
0,53,53,17,1,,60eb274540d8358b70fdbb1d,62c538bf54f3a38dea76a902,2022-07-06_09h34.23.132,Colour_Asymmetry_Pilot,2022.1.3,Win32,57.43495491,62c50e9c1127f2cd403a315f,,,,,,,,,,,,,,,,,,,,,,,,,,,,,,,,,,,,,,,,,,,,,,,,,,,,,,,,,,,,,,,,,,,,,,,,,,,,,,,,,,,,,,,,,,,,,,,,,,,,,,,,,,,,,,,,,,,,,,,,,,,,,,,,,,,,,,,,,,,,,,,,,,,,,,,,,,,,,,,,,,,
0,54,54,69,1,,60eb274540d8358b70fdbb1d,62c538bf54f3a38dea76a902,2022-07-06_09h34.23.132,Colour_Asymmetry_Pilot,2022.1.3,Win32,57.43495491,62c50e9c1127f2cd403a315f,,,,,,,,,,,,,,,,,,,,,,,,,,,,,,,,,,,,,,,,,,,,,,,,,,,,,,,,,,,,,,,,,,,,,,,,,,,,,,,,,,,,,,,,,,,,,,,,,,,,,,,,,,,,,,,,,,,,,,,,,,,,,,,,,,,,,,,,,,,,,,,,,,,,,,,,,,,,,,,,,,,
0,55,55,62,1,,60eb274540d8358b70fdbb1d,62c538bf54f3a38dea76a902,2022-07-06_09h34.23.132,Colour_Asymmetry_Pilot,2022.1.3,Win32,57.43495491,62c50e9c1127f2cd403a315f,,,,,,,,,,,,,,,,,,,,,,,,,,,,,,,,,,,,,,,,,,,,,,,,,,,,,,,,,,,,,,,,,,,,,,,,,,,,,,,,,,,,,,,,,,,,,,,,,,,,,,,,,,,,,,,,,,,,,,,,,,,,,,,,,,,,,,,,,,,,,,,,,,,,,,,,,,,,,,,,,,,
0,56,56,2,1,,60eb274540d8358b70fdbb1d,62c538bf54f3a38dea76a902,2022-07-06_09h34.23.132,Colour_Asymmetry_Pilot,2022.1.3,Win32,57.43495491,62c50e9c1127f2cd403a315f,,,,,,,,,,,,,,,,,,,,,,,,,,,,,,,,,,,,,,,,,,,,,,,,,,,,,,,,,,,,,,,,,,,,,,,,,,,,,,,,,,,,,,,,,,,,,,,,,,,,,,,,,,,,,,,,,,,,,,,,,,,,,,,,,,,,,,,,,,,,,,,,,,,,,,,,,,,,,,,,,,,
0,57,57,39,1,,60eb274540d8358b70fdbb1d,62c538bf54f3a38dea76a902,2022-07-06_09h34.23.132,Colour_Asymmetry_Pilot,2022.1.3,Win32,57.43495491,62c50e9c1127f2cd403a315f,,,,,,,,,,,,,,,,,,,,,,,,,,,,,,,,,,,,,,,,,,,,,,,,,,,,,,,,,,,,,,,,,,,,,,,,,,,,,,,,,,,,,,,,,,,,,,,,,,,,,,,,,,,,,,,,,,,,,,,,,,,,,,,,,,,,,,,,,,,,,,,,,,,,,,,,,,,,,,,,,,,
0,58,58,91,1,,60eb274540d8358b70fdbb1d,62c538bf54f3a38dea76a902,2022-07-06_09h34.23.132,Colour_Asymmetry_Pilot,2022.1.3,Win32,57.43495491,62c50e9c1127f2cd403a315f,,,,,,,,,,,,,,,,,,,,,,,,,,,,,,,,,,,,,,,,,,,,,,,,,,,,,,,,,,,,,,,,,,,,,,,,,,,,,,,,,,,,,,,,,,,,,,,,,,,,,,,,,,,,,,,,,,,,,,,,,,,,,,,,,,,,,,,,,,,,,,,,,,,,,,,,,,,,,,,,,,,
0,59,59,13,1,,60eb274540d8358b70fdbb1d,62c538bf54f3a38dea76a902,2022-07-06_09h34.23.132,Colour_Asymmetry_Pilot,2022.1.3,Win32,57.43495491,62c50e9c1127f2cd403a315f,,,,,,,,,,,,,,,,,,,,,,,,,,,,,,,,,,,,,,,,,,,,,,,,,,,,,,,,,,,,,,,,,,,,,,,,,,,,,,,,,,,,,,,,,,,,,,,,,,,,,,,,,,,,,,,,,,,,,,,,,,,,,,,,,,,,,,,,,,,,,,,,,,,,,,,,,,,,,,,,,,,
0,60,60,24,1,,60eb274540d8358b70fdbb1d,62c538bf54f3a38dea76a902,2022-07-06_09h34.23.132,Colour_Asymmetry_Pilot,2022.1.3,Win32,57.43495491,62c50e9c1127f2cd403a315f,,,,,,,,,,,,,,,,,,,,,,,,,,,,,,,,,,,,,,,,,,,,,,,,,,,,,,,,,,,,,,,,,,,,,,,,,,,,,,,,,,,,,,,,,,,,,,,,,,,,,,,,,,,,,,,,,,,,,,,,,,,,,,,,,,,,,,,,,,,,,,,,,,,,,,,,,,,,,,,,,,,
0,61,61,67,1,,60eb274540d8358b70fdbb1d,62c538bf54f3a38dea76a902,2022-07-06_09h34.23.132,Colour_Asymmetry_Pilot,2022.1.3,Win32,57.43495491,62c50e9c1127f2cd403a315f,,,,,,,,,,,,,,,,,,,,,,,,,,,,,,,,,,,,,,,,,,,,,,,,,,,,,,,,,,,,,,,,,,,,,,,,,,,,,,,,,,,,,,,,,,,,,,,,,,,,,,,,,,,,,,,,,,,,,,,,,,,,,,,,,,,,,,,,,,,,,,,,,,,,,,,,,,,,,,,,,,,
0,62,62,35,1,,60eb274540d8358b70fdbb1d,62c538bf54f3a38dea76a902,2022-07-06_09h34.23.132,Colour_Asymmetry_Pilot,2022.1.3,Win32,57.43495491,62c50e9c1127f2cd403a315f,,,,,,,,,,,,,,,,,,,,,,,,,,,,,,,,,,,,,,,,,,,,,,,,,,,,,,,,,,,,,,,,,,,,,,,,,,,,,,,,,,,,,,,,,,,,,,,,,,,,,,,,,,,,,,,,,,,,,,,,,,,,,,,,,,,,,,,,,,,,,,,,,,,,,,,,,,,,,,,,,,,
0,63,63,36,1,,60eb274540d8358b70fdbb1d,62c538bf54f3a38dea76a902,2022-07-06_09h34.23.132,Colour_Asymmetry_Pilot,2022.1.3,Win32,57.43495491,62c50e9c1127f2cd403a315f,,,,,,,,,,,,,,,,,,,,,,,,,,,,,,,,,,,,,,,,,,,,,,,,,,,,,,,,,,,,,,,,,,,,,,,,,,,,,,,,,,,,,,,,,,,,,,,,,,,,,,,,,,,,,,,,,,,,,,,,,,,,,,,,,,,,,,,,,,,,,,,,,,,,,,,,,,,,,,,,,,,
0,64,64,23,1,,60eb274540d8358b70fdbb1d,62c538bf54f3a38dea76a902,2022-07-06_09h34.23.132,Colour_Asymmetry_Pilot,2022.1.3,Win32,57.43495491,62c50e9c1127f2cd403a315f,,,,,,,,,,,,,,,,,,,,,,,,,,,,,,,,,,,,,,,,,,,,,,,,,,,,,,,,,,,,,,,,,,,,,,,,,,,,,,,,,,,,,,,,,,,,,,,,,,,,,,,,,,,,,,,,,,,,,,,,,,,,,,,,,,,,,,,,,,,,,,,,,,,,,,,,,,,,,,,,,,,
0,65,65,57,1,,60eb274540d8358b70fdbb1d,62c538bf54f3a38dea76a902,2022-07-06_09h34.23.132,Colour_Asymmetry_Pilot,2022.1.3,Win32,57.43495491,62c50e9c1127f2cd403a315f,,,,,,,,,,,,,,,,,,,,,,,,,,,,,,,,,,,,,,,,,,,,,,,,,,,,,,,,,,,,,,,,,,,,,,,,,,,,,,,,,,,,,,,,,,,,,,,,,,,,,,,,,,,,,,,,,,,,,,,,,,,,,,,,,,,,,,,,,,,,,,,,,,,,,,,,,,,,,,,,,,,
0,66,66,7,1,,60eb274540d8358b70fdbb1d,62c538bf54f3a38dea76a902,2022-07-06_09h34.23.132,Colour_Asymmetry_Pilot,2022.1.3,Win32,57.43495491,62c50e9c1127f2cd403a315f,,,,,,,,,,,,,,,,,,,,,,,,,,,,,,,,,,,,,,,,,,,,,,,,,,,,,,,,,,,,,,,,,,,,,,,,,,,,,,,,,,,,,,,,,,,,,,,,,,,,,,,,,,,,,,,,,,,,,,,,,,,,,,,,,,,,,,,,,,,,,,,,,,,,,,,,,,,,,,,,,,,
0,67,67,21,1,,60eb274540d8358b70fdbb1d,62c538bf54f3a38dea76a902,2022-07-06_09h34.23.132,Colour_Asymmetry_Pilot,2022.1.3,Win32,57.43495491,62c50e9c1127f2cd403a315f,,,,,,,,,,,,,,,,,,,,,,,,,,,,,,,,,,,,,,,,,,,,,,,,,,,,,,,,,,,,,,,,,,,,,,,,,,,,,,,,,,,,,,,,,,,,,,,,,,,,,,,,,,,,,,,,,,,,,,,,,,,,,,,,,,,,,,,,,,,,,,,,,,,,,,,,,,,,,,,,,,,
0,68,68,81,1,,60eb274540d8358b70fdbb1d,62c538bf54f3a38dea76a902,2022-07-06_09h34.23.132,Colour_Asymmetry_Pilot,2022.1.3,Win32,57.43495491,62c50e9c1127f2cd403a315f,,,,,,,,,,,,,,,,,,,,,,,,,,,,,,,,,,,,,,,,,,,,,,,,,,,,,,,,,,,,,,,,,,,,,,,,,,,,,,,,,,,,,,,,,,,,,,,,,,,,,,,,,,,,,,,,,,,,,,,,,,,,,,,,,,,,,,,,,,,,,,,,,,,,,,,,,,,,,,,,,,,
0,69,69,29,1,,60eb274540d8358b70fdbb1d,62c538bf54f3a38dea76a902,2022-07-06_09h34.23.132,Colour_Asymmetry_Pilot,2022.1.3,Win32,57.43495491,62c50e9c1127f2cd403a315f,,,,,,,,,,,,,,,,,,,,,,,,,,,,,,,,,,,,,,,,,,,,,,,,,,,,,,,,,,,,,,,,,,,,,,,,,,,,,,,,,,,,,,,,,,,,,,,,,,,,,,,,,,,,,,,,,,,,,,,,,,,,,,,,,,,,,,,,,,,,,,,,,,,,,,,,,,,,,,,,,,,
0,70,70,33,1,,60eb274540d8358b70fdbb1d,62c538bf54f3a38dea76a902,2022-07-06_09h34.23.132,Colour_Asymmetry_Pilot,2022.1.3,Win32,57.43495491,62c50e9c1127f2cd403a315f,,,,,,,,,,,,,,,,,,,,,,,,,,,,,,,,,,,,,,,,,,,,,,,,,,,,,,,,,,,,,,,,,,,,,,,,,,,,,,,,,,,,,,,,,,,,,,,,,,,,,,,,,,,,,,,,,,,,,,,,,,,,,,,,,,,,,,,,,,,,,,,,,,,,,,,,,,,,,,,,,,,
0,71,71,18,1,,60eb274540d8358b70fdbb1d,62c538bf54f3a38dea76a902,2022-07-06_09h34.23.132,Colour_Asymmetry_Pilot,2022.1.3,Win32,57.43495491,62c50e9c1127f2cd403a315f,,,,,,,,,,,,,,,,,,,,,,,,,,,,,,,,,,,,,,,,,,,,,,,,,,,,,,,,,,,,,,,,,,,,,,,,,,,,,,,,,,,,,,,,,,,,,,,,,,,,,,,,,,,,,,,,,,,,,,,,,,,,,,,,,,,,,,,,,,,,,,,,,,,,,,,,,,,,,,,,,,,
0,72,72,71,1,,60eb274540d8358b70fdbb1d,62c538bf54f3a38dea76a902,2022-07-06_09h34.23.132,Colour_Asymmetry_Pilot,2022.1.3,Win32,57.43495491,62c50e9c1127f2cd403a315f,,,,,,,,,,,,,,,,,,,,,,,,,,,,,,,,,,,,,,,,,,,,,,,,,,,,,,,,,,,,,,,,,,,,,,,,,,,,,,,,,,,,,,,,,,,,,,,,,,,,,,,,,,,,,,,,,,,,,,,,,,,,,,,,,,,,,,,,,,,,,,,,,,,,,,,,,,,,,,,,,,,
0,73,73,41,1,,60eb274540d8358b70fdbb1d,62c538bf54f3a38dea76a902,2022-07-06_09h34.23.132,Colour_Asymmetry_Pilot,2022.1.3,Win32,57.43495491,62c50e9c1127f2cd403a315f,,,,,,,,,,,,,,,,,,,,,,,,,,,,,,,,,,,,,,,,,,,,,,,,,,,,,,,,,,,,,,,,,,,,,,,,,,,,,,,,,,,,,,,,,,,,,,,,,,,,,,,,,,,,,,,,,,,,,,,,,,,,,,,,,,,,,,,,,,,,,,,,,,,,,,,,,,,,,,,,,,,
0,74,74,8,1,,60eb274540d8358b70fdbb1d,62c538bf54f3a38dea76a902,2022-07-06_09h34.23.132,Colour_Asymmetry_Pilot,2022.1.3,Win32,57.43495491,62c50e9c1127f2cd403a315f,,,,,,,,,,,,,,,,,,,,,,,,,,,,,,,,,,,,,,,,,,,,,,,,,,,,,,,,,,,,,,,,,,,,,,,,,,,,,,,,,,,,,,,,,,,,,,,,,,,,,,,,,,,,,,,,,,,,,,,,,,,,,,,,,,,,,,,,,,,,,,,,,,,,,,,,,,,,,,,,,,,
0,75,75,72,1,,60eb274540d8358b70fdbb1d,62c538bf54f3a38dea76a902,2022-07-06_09h34.23.132,Colour_Asymmetry_Pilot,2022.1.3,Win32,57.43495491,62c50e9c1127f2cd403a315f,,,,,,,,,,,,,,,,,,,,,,,,,,,,,,,,,,,,,,,,,,,,,,,,,,,,,,,,,,,,,,,,,,,,,,,,,,,,,,,,,,,,,,,,,,,,,,,,,,,,,,,,,,,,,,,,,,,,,,,,,,,,,,,,,,,,,,,,,,,,,,,,,,,,,,,,,,,,,,,,,,,
0,76,76,60,1,,60eb274540d8358b70fdbb1d,62c538bf54f3a38dea76a902,2022-07-06_09h34.23.132,Colour_Asymmetry_Pilot,2022.1.3,Win32,57.43495491,62c50e9c1127f2cd403a315f,,,,,,,,,,,,,,,,,,,,,,,,,,,,,,,,,,,,,,,,,,,,,,,,,,,,,,,,,,,,,,,,,,,,,,,,,,,,,,,,,,,,,,,,,,,,,,,,,,,,,,,,,,,,,,,,,,,,,,,,,,,,,,,,,,,,,,,,,,,,,,,,,,,,,,,,,,,,,,,,,,,
0,77,77,25,1,,60eb274540d8358b70fdbb1d,62c538bf54f3a38dea76a902,2022-07-06_09h34.23.132,Colour_Asymmetry_Pilot,2022.1.3,Win32,57.43495491,62c50e9c1127f2cd403a315f,,,,,,,,,,,,,,,,,,,,,,,,,,,,,,,,,,,,,,,,,,,,,,,,,,,,,,,,,,,,,,,,,,,,,,,,,,,,,,,,,,,,,,,,,,,,,,,,,,,,,,,,,,,,,,,,,,,,,,,,,,,,,,,,,,,,,,,,,,,,,,,,,,,,,,,,,,,,,,,,,,,
0,78,78,53,1,,60eb274540d8358b70fdbb1d,62c538bf54f3a38dea76a902,2022-07-06_09h34.23.132,Colour_Asymmetry_Pilot,2022.1.3,Win32,57.43495491,62c50e9c1127f2cd403a315f,,,,,,,,,,,,,,,,,,,,,,,,,,,,,,,,,,,,,,,,,,,,,,,,,,,,,,,,,,,,,,,,,,,,,,,,,,,,,,,,,,,,,,,,,,,,,,,,,,,,,,,,,,,,,,,,,,,,,,,,,,,,,,,,,,,,,,,,,,,,,,,,,,,,,,,,,,,,,,,,,,,
0,79,79,0,1,,60eb274540d8358b70fdbb1d,62c538bf54f3a38dea76a902,2022-07-06_09h34.23.132,Colour_Asymmetry_Pilot,2022.1.3,Win32,57.43495491,62c50e9c1127f2cd403a315f,,,,,,,,,,,,,,,,,,,,,,,,,,,,,,,,,,,,,,,,,,,,,,,,,,,,,,,,,,,,,,,,,,,,,,,,,,,,,,,,,,,,,,,,,,,,,,,,,,,,,,,,,,,,,,,,,,,,,,,,,,,,,,,,,,,,,,,,,,,,,,,,,,,,,,,,,,,,,,,,,,,
0,80,80,6,1,,60eb274540d8358b70fdbb1d,62c538bf54f3a38dea76a902,2022-07-06_09h34.23.132,Colour_Asymmetry_Pilot,2022.1.3,Win32,57.43495491,62c50e9c1127f2cd403a315f,,,,,,,,,,,,,,,,,,,,,,,,,,,,,,,,,,,,,,,,,,,,,,,,,,,,,,,,,,,,,,,,,,,,,,,,,,,,,,,,,,,,,,,,,,,,,,,,,,,,,,,,,,,,,,,,,,,,,,,,,,,,,,,,,,,,,,,,,,,,,,,,,,,,,,,,,,,,,,,,,,,
0,81,81,3,1,,60eb274540d8358b70fdbb1d,62c538bf54f3a38dea76a902,2022-07-06_09h34.23.132,Colour_Asymmetry_Pilot,2022.1.3,Win32,57.43495491,62c50e9c1127f2cd403a315f,,,,,,,,,,,,,,,,,,,,,,,,,,,,,,,,,,,,,,,,,,,,,,,,,,,,,,,,,,,,,,,,,,,,,,,,,,,,,,,,,,,,,,,,,,,,,,,,,,,,,,,,,,,,,,,,,,,,,,,,,,,,,,,,,,,,,,,,,,,,,,,,,,,,,,,,,,,,,,,,,,,
0,82,82,48,1,,60eb274540d8358b70fdbb1d,62c538bf54f3a38dea76a902,2022-07-06_09h34.23.132,Colour_Asymmetry_Pilot,2022.1.3,Win32,57.43495491,62c50e9c1127f2cd403a315f,,,,,,,,,,,,,,,,,,,,,,,,,,,,,,,,,,,,,,,,,,,,,,,,,,,,,,,,,,,,,,,,,,,,,,,,,,,,,,,,,,,,,,,,,,,,,,,,,,,,,,,,,,,,,,,,,,,,,,,,,,,,,,,,,,,,,,,,,,,,,,,,,,,,,,,,,,,,,,,,,,,
0,83,83,1,1,,60eb274540d8358b70fdbb1d,62c538bf54f3a38dea76a902,2022-07-06_09h34.23.132,Colour_Asymmetry_Pilot,2022.1.3,Win32,57.43495491,62c50e9c1127f2cd403a315f,,,,,,,,,,,,,,,,,,,,,,,,,,,,,,,,,,,,,,,,,,,,,,,,,,,,,,,,,,,,,,,,,,,,,,,,,,,,,,,,,,,,,,,,,,,,,,,,,,,,,,,,,,,,,,,,,,,,,,,,,,,,,,,,,,,,,,,,,,,,,,,,,,,,,,,,,,,,,,,,,,,
0,84,84,52,1,,60eb274540d8358b70fdbb1d,62c538bf54f3a38dea76a902,2022-07-06_09h34.23.132,Colour_Asymmetry_Pilot,2022.1.3,Win32,57.43495491,62c50e9c1127f2cd403a315f,,,,,,,,,,,,,,,,,,,,,,,,,,,,,,,,,,,,,,,,,,,,,,,,,,,,,,,,,,,,,,,,,,,,,,,,,,,,,,,,,,,,,,,,,,,,,,,,,,,,,,,,,,,,,,,,,,,,,,,,,,,,,,,,,,,,,,,,,,,,,,,,,,,,,,,,,,,,,,,,,,,
0,85,85,22,1,,60eb274540d8358b70fdbb1d,62c538bf54f3a38dea76a902,2022-07-06_09h34.23.132,Colour_Asymmetry_Pilot,2022.1.3,Win32,57.43495491,62c50e9c1127f2cd403a315f,,,,,,,,,,,,,,,,,,,,,,,,,,,,,,,,,,,,,,,,,,,,,,,,,,,,,,,,,,,,,,,,,,,,,,,,,,,,,,,,,,,,,,,,,,,,,,,,,,,,,,,,,,,,,,,,,,,,,,,,,,,,,,,,,,,,,,,,,,,,,,,,,,,,,,,,,,,,,,,,,,,
0,86,86,37,1,,60eb274540d8358b70fdbb1d,62c538bf54f3a38dea76a902,2022-07-06_09h34.23.132,Colour_Asymmetry_Pilot,2022.1.3,Win32,57.43495491,62c50e9c1127f2cd403a315f,,,,,,,,,,,,,,,,,,,,,,,,,,,,,,,,,,,,,,,,,,,,,,,,,,,,,,,,,,,,,,,,,,,,,,,,,,,,,,,,,,,,,,,,,,,,,,,,,,,,,,,,,,,,,,,,,,,,,,,,,,,,,,,,,,,,,,,,,,,,,,,,,,,,,,,,,,,,,,,,,,,
0,87,87,77,1,,60eb274540d8358b70fdbb1d,62c538bf54f3a38dea76a902,2022-07-06_09h34.23.132,Colour_Asymmetry_Pilot,2022.1.3,Win32,57.43495491,62c50e9c1127f2cd403a315f,,,,,,,,,,,,,,,,,,,,,,,,,,,,,,,,,,,,,,,,,,,,,,,,,,,,,,,,,,,,,,,,,,,,,,,,,,,,,,,,,,,,,,,,,,,,,,,,,,,,,,,,,,,,,,,,,,,,,,,,,,,,,,,,,,,,,,,,,,,,,,,,,,,,,,,,,,,,,,,,,,,
0,88,88,55,1,,60eb274540d8358b70fdbb1d,62c538bf54f3a38dea76a902,2022-07-06_09h34.23.132,Colour_Asymmetry_Pilot,2022.1.3,Win32,57.43495491,62c50e9c1127f2cd403a315f,,,,,,,,,,,,,,,,,,,,,,,,,,,,,,,,,,,,,,,,,,,,,,,,,,,,,,,,,,,,,,,,,,,,,,,,,,,,,,,,,,,,,,,,,,,,,,,,,,,,,,,,,,,,,,,,,,,,,,,,,,,,,,,,,,,,,,,,,,,,,,,,,,,,,,,,,,,,,,,,,,,
0,89,89,66,1,,60eb274540d8358b70fdbb1d,62c538bf54f3a38dea76a902,2022-07-06_09h34.23.132,Colour_Asymmetry_Pilot,2022.1.3,Win32,57.43495491,62c50e9c1127f2cd403a315f,,,,,,,,,,,,,,,,,,,,,,,,,,,,,,,,,,,,,,,,,,,,,,,,,,,,,,,,,,,,,,,,,,,,,,,,,,,,,,,,,,,,,,,,,,,,,,,,,,,,,,,,,,,,,,,,,,,,,,,,,,,,,,,,,,,,,,,,,,,,,,,,,,,,,,,,,,,,,,,,,,,
0,90,90,92,1,,60eb274540d8358b70fdbb1d,62c538bf54f3a38dea76a902,2022-07-06_09h34.23.132,Colour_Asymmetry_Pilot,2022.1.3,Win32,57.43495491,62c50e9c1127f2cd403a315f,,,,,,,,,,,,,,,,,,,,,,,,,,,,,,,,,,,,,,,,,,,,,,,,,,,,,,,,,,,,,,,,,,,,,,,,,,,,,,,,,,,,,,,,,,,,,,,,,,,,,,,,,,,,,,,,,,,,,,,,,,,,,,,,,,,,,,,,,,,,,,,,,,,,,,,,,,,,,,,,,,,
0,91,91,20,1,,60eb274540d8358b70fdbb1d,62c538bf54f3a38dea76a902,2022-07-06_09h34.23.132,Colour_Asymmetry_Pilot,2022.1.3,Win32,57.43495491,62c50e9c1127f2cd403a315f,,,,,,,,,,,,,,,,,,,,,,,,,,,,,,,,,,,,,,,,,,,,,,,,,,,,,,,,,,,,,,,,,,,,,,,,,,,,,,,,,,,,,,,,,,,,,,,,,,,,,,,,,,,,,,,,,,,,,,,,,,,,,,,,,,,,,,,,,,,,,,,,,,,,,,,,,,,,,,,,,,,
0,92,92,54,1,,60eb274540d8358b70fdbb1d,62c538bf54f3a38dea76a902,2022-07-06_09h34.23.132,Colour_Asymmetry_Pilot,2022.1.3,Win32,57.43495491,62c50e9c1127f2cd403a315f,,,,,,,,,,,,,,,,,,,,,,,,,,,,,,,,,,,,,,,,,,,,,,,,,,,,,,,,,,,,,,,,,,,,,,,,,,,,,,,,,,,,,,,,,,,,,,,,,,,,,,,,,,,,,,,,,,,,,,,,,,,,,,,,,,,,,,,,,,,,,,,,,,,,,,,,,,,,,,,,,,,
,,,,,,60eb274540d8358b70fdbb1d,62c538bf54f3a38dea76a902,2022-07-06_09h34.23.132,Colour_Asymmetry_Pilot,2022.1.3,Win32,57.43495491,62c50e9c1127f2cd403a315f,0,0,0,152,1,onetwo,,,,,,,,,,,,,,,,,,,,,,,,,,,,,,,,,,,,,,,,,,,,,,,,,,,,,,,,,,,,,,,,,,,,,,,,,,,,,,,,,,,,,,,,,,,,,,,,,,,,,,,,,,,,,,,,,,,,,,,,,,,,,,,,,,,,,,,,,,,,,,,,,,,,,,,,,,,,,
,,,,,,60eb274540d8358b70fdbb1d,62c538bf54f3a38dea76a902,2022-07-06_09h34.23.132,Colour_Asymmetry_Pilot,2022.1.3,Win32,57.43495491,62c50e9c1127f2cd403a315f,0,1,1,115,1,twofour,,,,,,,,,,,,,,,,,,,,,,,,,,,,,,,,,,,,,,,,,,,,,,,,,,,,,,,,,,,,,,,,,,,,,,,,,,,,,,,,,,,,,,,,,,,,,,,,,,,,,,,,,,,,,,,,,,,,,,,,,,,,,,,,,,,,,,,,,,,,,,,,,,,,,,,,,,,,,
,,,,,,60eb274540d8358b70fdbb1d,62c538bf54f3a38dea76a902,2022-07-06_09h34.23.132,Colour_Asymmetry_Pilot,2022.1.3,Win32,57.43495491,62c50e9c1127f2cd403a315f,0,2,2,7,1,fourthree,,,,,,,,,,,,,,,,,,,,,,,,,,,,,,,,,,,,,,,,,,,,,,,,,,,,,,,,,,,,,,,,,,,,,,,,,,,,,,,,,,,,,,,,,,,,,,,,,,,,,,,,,,,,,,,,,,,,,,,,,,,,,,,,,,,,,,,,,,,,,,,,,,,,,,,,,,,,,
,,,,,,60eb274540d8358b70fdbb1d,62c538bf54f3a38dea76a902,2022-07-06_09h34.23.132,Colour_Asymmetry_Pilot,2022.1.3,Win32,57.43495491,62c50e9c1127f2cd403a315f,0,3,3,42,1,twoone,,,,,,,,,,,,,,,,,,,,,,,,,,,,,,,,,,,,,,,,,,,,,,,,,,,,,,,,,,,,,,,,,,,,,,,,,,,,,,,,,,,,,,,,,,,,,,,,,,,,,,,,,,,,,,,,,,,,,,,,,,,,,,,,,,,,,,,,,,,,,,,,,,,,,,,,,,,,,
,,,,,,60eb274540d8358b70fdbb1d,62c538bf54f3a38dea76a902,2022-07-06_09h34.23.132,Colour_Asymmetry_Pilot,2022.1.3,Win32,57.43495491,62c50e9c1127f2cd403a315f,0,4,4,138,1,twoone,,,,,,,,,,,,,,,,,,,,,,,,,,,,,,,,,,,,,,,,,,,,,,,,,,,,,,,,,,,,,,,,,,,,,,,,,,,,,,,,,,,,,,,,,,,,,,,,,,,,,,,,,,,,,,,,,,,,,,,,,,,,,,,,,,,,,,,,,,,,,,,,,,,,,,,,,,,,,
,,,,,,60eb274540d8358b70fdbb1d,62c538bf54f3a38dea76a902,2022-07-06_09h34.23.132,Colour_Asymmetry_Pilot,2022.1.3,Win32,57.43495491,62c50e9c1127f2cd403a315f,0,5,5,68,1,threeone,,,,,,,,,,,,,,,,,,,,,,,,,,,,,,,,,,,,,,,,,,,,,,,,,,,,,,,,,,,,,,,,,,,,,,,,,,,,,,,,,,,,,,,,,,,,,,,,,,,,,,,,,,,,,,,,,,,,,,,,,,,,,,,,,,,,,,,,,,,,,,,,,,,,,,,,,,,,,
,,,,,,60eb274540d8358b70fdbb1d,62c538bf54f3a38dea76a902,2022-07-06_09h34.23.132,Colour_Asymmetry_Pilot,2022.1.3,Win32,57.43495491,62c50e9c1127f2cd403a315f,0,6,6,145,1,onethree,,,,,,,,,,,,,,,,,,,,,,,,,,,,,,,,,,,,,,,,,,,,,,,,,,,,,,,,,,,,,,,,,,,,,,,,,,,,,,,,,,,,,,,,,,,,,,,,,,,,,,,,,,,,,,,,,,,,,,,,,,,,,,,,,,,,,,,,,,,,,,,,,,,,,,,,,,,,,
,,,,,,60eb274540d8358b70fdbb1d,62c538bf54f3a38dea76a902,2022-07-06_09h34.23.132,Colour_Asymmetry_Pilot,2022.1.3,Win32,57.43495491,62c50e9c1127f2cd403a315f,0,7,7,79,1,fourthree,,,,,,,,,,,,,,,,,,,,,,,,,,,,,,,,,,,,,,,,,,,,,,,,,,,,,,,,,,,,,,,,,,,,,,,,,,,,,,,,,,,,,,,,,,,,,,,,,,,,,,,,,,,,,,,,,,,,,,,,,,,,,,,,,,,,,,,,,,,,,,,,,,,,,,,,,,,,,
,,,,,,60eb274540d8358b70fdbb1d,62c538bf54f3a38dea76a902,2022-07-06_09h34.23.132,Colour_Asymmetry_Pilot,2022.1.3,Win32,57.43495491,62c50e9c1127f2cd403a315f,0,8,8,157,1,threefour,,,,,,,,,,,,,,,,,,,,,,,,,,,,,,,,,,,,,,,,,,,,,,,,,,,,,,,,,,,,,,,,,,,,,,,,,,,,,,,,,,,,,,,,,,,,,,,,,,,,,,,,,,,,,,,,,,,,,,,,,,,,,,,,,,,,,,,,,,,,,,,,,,,,,,,,,,,,,
,,,,,,60eb274540d8358b70fdbb1d,62c538bf54f3a38dea76a902,2022-07-06_09h34.23.132,Colour_Asymmetry_Pilot,2022.1.3,Win32,57.43495491,62c50e9c1127f2cd403a315f,0,9,9,98,1,twoone,,,,,,,,,,,,,,,,,,,,,,,,,,,,,,,,,,,,,,,,,,,,,,,,,,,,,,,,,,,,,,,,,,,,,,,,,,,,,,,,,,,,,,,,,,,,,,,,,,,,,,,,,,,,,,,,,,,,,,,,,,,,,,,,,,,,,,,,,,,,,,,,,,,,,,,,,,,,,
,,,,,,60eb274540d8358b70fdbb1d,62c538bf54f3a38dea76a902,2022-07-06_09h34.23.132,Colour_Asymmetry_Pilot,2022.1.3,Win32,57.43495491,62c50e9c1127f2cd403a315f,0,10,10,153,1,onethree,,,,,,,,,,,,,,,,,,,,,,,,,,,,,,,,,,,,,,,,,,,,,,,,,,,,,,,,,,,,,,,,,,,,,,,,,,,,,,,,,,,,,,,,,,,,,,,,,,,,,,,,,,,,,,,,,,,,,,,,,,,,,,,,,,,,,,,,,,,,,,,,,,,,,,,,,,,,,
,,,,,,60eb274540d8358b70fdbb1d,62c538bf54f3a38dea76a902,2022-07-06_09h34.23.132,Colour_Asymmetry_Pilot,2022.1.3,Win32,57.43495491,62c50e9c1127f2cd403a315f,0,11,11,74,1,twoone,,,,,,,,,,,,,,,,,,,,,,,,,,,,,,,,,,,,,,,,,,,,,,,,,,,,,,,,,,,,,,,,,,,,,,,,,,,,,,,,,,,,,,,,,,,,,,,,,,,,,,,,,,,,,,,,,,,,,,,,,,,,,,,,,,,,,,,,,,,,,,,,,,,,,,,,,,,,,
,,,,,,60eb274540d8358b70fdbb1d,62c538bf54f3a38dea76a902,2022-07-06_09h34.23.132,Colour_Asymmetry_Pilot,2022.1.3,Win32,57.43495491,62c50e9c1127f2cd403a315f,0,12,12,104,1,onetwo,,,,,,,,,,,,,,,,,,,,,,,,,,,,,,,,,,,,,,,,,,,,,,,,,,,,,,,,,,,,,,,,,,,,,,,,,,,,,,,,,,,,,,,,,,,,,,,,,,,,,,,,,,,,,,,,,,,,,,,,,,,,,,,,,,,,,,,,,,,,,,,,,,,,,,,,,,,,,
,,,,,,60eb274540d8358b70fdbb1d,62c538bf54f3a38dea76a902,2022-07-06_09h34.23.132,Colour_Asymmetry_Pilot,2022.1.3,Win32,57.43495491,62c50e9c1127f2cd403a315f,0,13,13,154,1,twoone,,,,,,,,,,,,,,,,,,,,,,,,,,,,,,,,,,,,,,,,,,,,,,,,,,,,,,,,,,,,,,,,,,,,,,,,,,,,,,,,,,,,,,,,,,,,,,,,,,,,,,,,,,,,,,,,,,,,,,,,,,,,,,,,,,,,,,,,,,,,,,,,,,,,,,,,,,,,,
,,,,,,60eb274540d8358b70fdbb1d,62c538bf54f3a38dea76a902,2022-07-06_09h34.23.132,Colour_Asymmetry_Pilot,2022.1.3,Win32,57.43495491,62c50e9c1127f2cd403a315f,0,14,14,77,1,threefour,,,,,,,,,,,,,,,,,,,,,,,,,,,,,,,,,,,,,,,,,,,,,,,,,,,,,,,,,,,,,,,,,,,,,,,,,,,,,,,,,,,,,,,,,,,,,,,,,,,,,,,,,,,,,,,,,,,,,,,,,,,,,,,,,,,,,,,,,,,,,,,,,,,,,,,,,,,,,
,,,,,,60eb274540d8358b70fdbb1d,62c538bf54f3a38dea76a902,2022-07-06_09h34.23.132,Colour_Asymmetry_Pilot,2022.1.3,Win32,57.43495491,62c50e9c1127f2cd403a315f,0,15,15,127,1,fourthree,,,,,,,,,,,,,,,,,,,,,,,,,,,,,,,,,,,,,,,,,,,,,,,,,,,,,,,,,,,,,,,,,,,,,,,,,,,,,,,,,,,,,,,,,,,,,,,,,,,,,,,,,,,,,,,,,,,,,,,,,,,,,,,,,,,,,,,,,,,,,,,,,,,,,,,,,,,,,
,,,,,,60eb274540d8358b70fdbb1d,62c538bf54f3a38dea76a902,2022-07-06_09h34.23.132,Colour_Asymmetry_Pilot,2022.1.3,Win32,57.43495491,62c50e9c1127f2cd403a315f,0,16,16,35,1,twofour,,,,,,,,,,,,,,,,,,,,,,,,,,,,,,,,,,,,,,,,,,,,,,,,,,,,,,,,,,,,,,,,,,,,,,,,,,,,,,,,,,,,,,,,,,,,,,,,,,,,,,,,,,,,,,,,,,,,,,,,,,,,,,,,,,,,,,,,,,,,,,,,,,,,,,,,,,,,,
,,,,,,60eb274540d8358b70fdbb1d,62c538bf54f3a38dea76a902,2022-07-06_09h34.23.132,Colour_Asymmetry_Pilot,2022.1.3,Win32,57.43495491,62c50e9c1127f2cd403a315f,0,17,17,123,1,twofour,,,,,,,,,,,,,,,,,,,,,,,,,,,,,,,,,,,,,,,,,,,,,,,,,,,,,,,,,,,,,,,,,,,,,,,,,,,,,,,,,,,,,,,,,,,,,,,,,,,,,,,,,,,,,,,,,,,,,,,,,,,,,,,,,,,,,,,,,,,,,,,,,,,,,,,,,,,,,
,,,,,,60eb274540d8358b70fdbb1d,62c538bf54f3a38dea76a902,2022-07-06_09h34.23.132,Colour_Asymmetry_Pilot,2022.1.3,Win32,57.43495491,62c50e9c1127f2cd403a315f,0,18,18,81,1,onethree,,,,,,,,,,,,,,,,,,,,,,,,,,,,,,,,,,,,,,,,,,,,,,,,,,,,,,,,,,,,,,,,,,,,,,,,,,,,,,,,,,,,,,,,,,,,,,,,,,,,,,,,,,,,,,,,,,,,,,,,,,,,,,,,,,,,,,,,,,,,,,,,,,,,,,,,,,,,,
,,,,,,60eb274540d8358b70fdbb1d,62c538bf54f3a38dea76a902,2022-07-06_09h34.23.132,Colour_Asymmetry_Pilot,2022.1.3,Win32,57.43495491,62c50e9c1127f2cd403a315f,0,19,19,128,1,onetwo,,,,,,,,,,,,,,,,,,,,,,,,,,,,,,,,,,,,,,,,,,,,,,,,,,,,,,,,,,,,,,,,,,,,,,,,,,,,,,,,,,,,,,,,,,,,,,,,,,,,,,,,,,,,,,,,,,,,,,,,,,,,,,,,,,,,,,,,,,,,,,,,,,,,,,,,,,,,,
,,,,,,60eb274540d8358b70fdbb1d,62c538bf54f3a38dea76a902,2022-07-06_09h34.23.132,Colour_Asymmetry_Pilot,2022.1.3,Win32,57.43495491,62c50e9c1127f2cd403a315f,0,20,20,131,1,twofour,,,,,,,,,,,,,,,,,,,,,,,,,,,,,,,,,,,,,,,,,,,,,,,,,,,,,,,,,,,,,,,,,,,,,,,,,,,,,,,,,,,,,,,,,,,,,,,,,,,,,,,,,,,,,,,,,,,,,,,,,,,,,,,,,,,,,,,,,,,,,,,,,,,,,,,,,,,,,
,,,,,,60eb274540d8358b70fdbb1d,62c538bf54f3a38dea76a902,2022-07-06_09h34.23.132,Colour_Asymmetry_Pilot,2022.1.3,Win32,57.43495491,62c50e9c1127f2cd403a315f,0,21,21,96,1,onetwo,,,,,,,,,,,,,,,,,,,,,,,,,,,,,,,,,,,,,,,,,,,,,,,,,,,,,,,,,,,,,,,,,,,,,,,,,,,,,,,,,,,,,,,,,,,,,,,,,,,,,,,,,,,,,,,,,,,,,,,,,,,,,,,,,,,,,,,,,,,,,,,,,,,,,,,,,,,,,
,,,,,,60eb274540d8358b70fdbb1d,62c538bf54f3a38dea76a902,2022-07-06_09h34.23.132,Colour_Asymmetry_Pilot,2022.1.3,Win32,57.43495491,62c50e9c1127f2cd403a315f,0,22,22,45,1,threefour,,,,,,,,,,,,,,,,,,,,,,,,,,,,,,,,,,,,,,,,,,,,,,,,,,,,,,,,,,,,,,,,,,,,,,,,,,,,,,,,,,,,,,,,,,,,,,,,,,,,,,,,,,,,,,,,,,,,,,,,,,,,,,,,,,,,,,,,,,,,,,,,,,,,,,,,,,,,,
,,,,,,60eb274540d8358b70fdbb1d,62c538bf54f3a38dea76a902,2022-07-06_09h34.23.132,Colour_Asymmetry_Pilot,2022.1.3,Win32,57.43495491,62c50e9c1127f2cd403a315f,0,23,23,107,1,twofour,,,,,,,,,,,,,,,,,,,,,,,,,,,,,,,,,,,,,,,,,,,,,,,,,,,,,,,,,,,,,,,,,,,,,,,,,,,,,,,,,,,,,,,,,,,,,,,,,,,,,,,,,,,,,,,,,,,,,,,,,,,,,,,,,,,,,,,,,,,,,,,,,,,,,,,,,,,,,
,,,,,,60eb274540d8358b70fdbb1d,62c538bf54f3a38dea76a902,2022-07-06_09h34.23.132,Colour_Asymmetry_Pilot,2022.1.3,Win32,57.43495491,62c50e9c1127f2cd403a315f,0,24,24,0,1,onetwo,,,,,,,,,,,,,,,,,,,,,,,,,,,,,,,,,,,,,,,,,,,,,,,,,,,,,,,,,,,,,,,,,,,,,,,,,,,,,,,,,,,,,,,,,,,,,,,,,,,,,,,,,,,,,,,,,,,,,,,,,,,,,,,,,,,,,,,,,,,,,,,,,,,,,,,,,,,,,
,,,,,,60eb274540d8358b70fdbb1d,62c538bf54f3a38dea76a902,2022-07-06_09h34.23.132,Colour_Asymmetry_Pilot,2022.1.3,Win32,57.43495491,62c50e9c1127f2cd403a315f,0,25,25,155,1,twofour,,,,,,,,,,,,,,,,,,,,,,,,,,,,,,,,,,,,,,,,,,,,,,,,,,,,,,,,,,,,,,,,,,,,,,,,,,,,,,,,,,,,,,,,,,,,,,,,,,,,,,,,,,,,,,,,,,,,,,,,,,,,,,,,,,,,,,,,,,,,,,,,,,,,,,,,,,,,,
,,,,,,60eb274540d8358b70fdbb1d,62c538bf54f3a38dea76a902,2022-07-06_09h34.23.132,Colour_Asymmetry_Pilot,2022.1.3,Win32,57.43495491,62c50e9c1127f2cd403a315f,0,26,26,151,1,fourthree,,,,,,,,,,,,,,,,,,,,,,,,,,,,,,,,,,,,,,,,,,,,,,,,,,,,,,,,,,,,,,,,,,,,,,,,,,,,,,,,,,,,,,,,,,,,,,,,,,,,,,,,,,,,,,,,,,,,,,,,,,,,,,,,,,,,,,,,,,,,,,,,,,,,,,,,,,,,,
,,,,,,60eb274540d8358b70fdbb1d,62c538bf54f3a38dea76a902,2022-07-06_09h34.23.132,Colour_Asymmetry_Pilot,2022.1.3,Win32,57.43495491,62c50e9c1127f2cd403a315f,0,27,27,20,1,threeone,,,,,,,,,,,,,,,,,,,,,,,,,,,,,,,,,,,,,,,,,,,,,,,,,,,,,,,,,,,,,,,,,,,,,,,,,,,,,,,,,,,,,,,,,,,,,,,,,,,,,,,,,,,,,,,,,,,,,,,,,,,,,,,,,,,,,,,,,,,,,,,,,,,,,,,,,,,,,
,,,,,,60eb274540d8358b70fdbb1d,62c538bf54f3a38dea76a902,2022-07-06_09h34.23.132,Colour_Asymmetry_Pilot,2022.1.3,Win32,57.43495491,62c50e9c1127f2cd403a315f,0,28,28,108,1,threeone,,,,,,,,,,,,,,,,,,,,,,,,,,,,,,,,,,,,,,,,,,,,,,,,,,,,,,,,,,,,,,,,,,,,,,,,,,,,,,,,,,,,,,,,,,,,,,,,,,,,,,,,,,,,,,,,,,,,,,,,,,,,,,,,,,,,,,,,,,,,,,,,,,,,,,,,,,,,,
,,,,,,60eb274540d8358b70fdbb1d,62c538bf54f3a38dea76a902,2022-07-06_09h34.23.132,Colour_Asymmetry_Pilot,2022.1.3,Win32,57.43495491,62c50e9c1127f2cd403a315f,0,29,29,144,1,onetwo,,,,,,,,,,,,,,,,,,,,,,,,,,,,,,,,,,,,,,,,,,,,,,,,,,,,,,,,,,,,,,,,,,,,,,,,,,,,,,,,,,,,,,,,,,,,,,,,,,,,,,,,,,,,,,,,,,,,,,,,,,,,,,,,,,,,,,,,,,,,,,,,,,,,,,,,,,,,,
,,,,,,60eb274540d8358b70fdbb1d,62c538bf54f3a38dea76a902,2022-07-06_09h34.23.132,Colour_Asymmetry_Pilot,2022.1.3,Win32,57.43495491,62c50e9c1127f2cd403a315f,0,30,30,28,1,threeone,,,,,,,,,,,,,,,,,,,,,,,,,,,,,,,,,,,,,,,,,,,,,,,,,,,,,,,,,,,,,,,,,,,,,,,,,,,,,,,,,,,,,,,,,,,,,,,,,,,,,,,,,,,,,,,,,,,,,,,,,,,,,,,,,,,,,,,,,,,,,,,,,,,,,,,,,,,,,
,,,,,,60eb274540d8358b70fdbb1d,62c538bf54f3a38dea76a902,2022-07-06_09h34.23.132,Colour_Asymmetry_Pilot,2022.1.3,Win32,57.43495491,62c50e9c1127f2cd403a315f,0,31,31,50,1,twoone,,,,,,,,,,,,,,,,,,,,,,,,,,,,,,,,,,,,,,,,,,,,,,,,,,,,,,,,,,,,,,,,,,,,,,,,,,,,,,,,,,,,,,,,,,,,,,,,,,,,,,,,,,,,,,,,,,,,,,,,,,,,,,,,,,,,,,,,,,,,,,,,,,,,,,,,,,,,,
,,,,,,60eb274540d8358b70fdbb1d,62c538bf54f3a38dea76a902,2022-07-06_09h34.23.132,Colour_Asymmetry_Pilot,2022.1.3,Win32,57.43495491,62c50e9c1127f2cd403a315f,0,32,32,72,1,onetwo,,,,,,,,,,,,,,,,,,,,,,,,,,,,,,,,,,,,,,,,,,,,,,,,,,,,,,,,,,,,,,,,,,,,,,,,,,,,,,,,,,,,,,,,,,,,,,,,,,,,,,,,,,,,,,,,,,,,,,,,,,,,,,,,,,,,,,,,,,,,,,,,,,,,,,,,,,,,,
,,,,,,60eb274540d8358b70fdbb1d,62c538bf54f3a38dea76a902,2022-07-06_09h34.23.132,Colour_Asymmetry_Pilot,2022.1.3,Win32,57.43495491,62c50e9c1127f2cd403a315f,0,33,33,47,1,fourthree,,,,,,,,,,,,,,,,,,,,,,,,,,,,,,,,,,,,,,,,,,,,,,,,,,,,,,,,,,,,,,,,,,,,,,,,,,,,,,,,,,,,,,,,,,,,,,,,,,,,,,,,,,,,,,,,,,,,,,,,,,,,,,,,,,,,,,,,,,,,,,,,,,,,,,,,,,,,,
,,,,,,60eb274540d8358b70fdbb1d,62c538bf54f3a38dea76a902,2022-07-06_09h34.23.132,Colour_Asymmetry_Pilot,2022.1.3,Win32,57.43495491,62c50e9c1127f2cd403a315f,0,34,34,86,1,fourtwo,,,,,,,,,,,,,,,,,,,,,,,,,,,,,,,,,,,,,,,,,,,,,,,,,,,,,,,,,,,,,,,,,,,,,,,,,,,,,,,,,,,,,,,,,,,,,,,,,,,,,,,,,,,,,,,,,,,,,,,,,,,,,,,,,,,,,,,,,,,,,,,,,,,,,,,,,,,,,
,,,,,,60eb274540d8358b70fdbb1d,62c538bf54f3a38dea76a902,2022-07-06_09h34.23.132,Colour_Asymmetry_Pilot,2022.1.3,Win32,57.43495491,62c50e9c1127f2cd403a315f,0,35,35,57,1,onethree,,,,,,,,,,,,,,,,,,,,,,,,,,,,,,,,,,,,,,,,,,,,,,,,,,,,,,,,,,,,,,,,,,,,,,,,,,,,,,,,,,,,,,,,,,,,,,,,,,,,,,,,,,,,,,,,,,,,,,,,,,,,,,,,,,,,,,,,,,,,,,,,,,,,,,,,,,,,,
,,,,,,60eb274540d8358b70fdbb1d,62c538bf54f3a38dea76a902,2022-07-06_09h34.23.132,Colour_Asymmetry_Pilot,2022.1.3,Win32,57.43495491,62c50e9c1127f2cd403a315f,0,36,36,101,1,threefour,,,,,,,,,,,,,,,,,,,,,,,,,,,,,,,,,,,,,,,,,,,,,,,,,,,,,,,,,,,,,,,,,,,,,,,,,,,,,,,,,,,,,,,,,,,,,,,,,,,,,,,,,,,,,,,,,,,,,,,,,,,,,,,,,,,,,,,,,,,,,,,,,,,,,,,,,,,,,
,,,,,,60eb274540d8358b70fdbb1d,62c538bf54f3a38dea76a902,2022-07-06_09h34.23.132,Colour_Asymmetry_Pilot,2022.1.3,Win32,57.43495491,62c50e9c1127f2cd403a315f,0,37,37,129,1,onethree,,,,,,,,,,,,,,,,,,,,,,,,,,,,,,,,,,,,,,,,,,,,,,,,,,,,,,,,,,,,,,,,,,,,,,,,,,,,,,,,,,,,,,,,,,,,,,,,,,,,,,,,,,,,,,,,,,,,,,,,,,,,,,,,,,,,,,,,,,,,,,,,,,,,,,,,,,,,,
,,,,,,60eb274540d8358b70fdbb1d,62c538bf54f3a38dea76a902,2022-07-06_09h34.23.132,Colour_Asymmetry_Pilot,2022.1.3,Win32,57.43495491,62c50e9c1127f2cd403a315f,0,38,38,135,1,fourthree,,,,,,,,,,,,,,,,,,,,,,,,,,,,,,,,,,,,,,,,,,,,,,,,,,,,,,,,,,,,,,,,,,,,,,,,,,,,,,,,,,,,,,,,,,,,,,,,,,,,,,,,,,,,,,,,,,,,,,,,,,,,,,,,,,,,,,,,,,,,,,,,,,,,,,,,,,,,,
,,,,,,60eb274540d8358b70fdbb1d,62c538bf54f3a38dea76a902,2022-07-06_09h34.23.132,Colour_Asymmetry_Pilot,2022.1.3,Win32,57.43495491,62c50e9c1127f2cd403a315f,0,39,39,49,1,onethree,,,,,,,,,,,,,,,,,,,,,,,,,,,,,,,,,,,,,,,,,,,,,,,,,,,,,,,,,,,,,,,,,,,,,,,,,,,,,,,,,,,,,,,,,,,,,,,,,,,,,,,,,,,,,,,,,,,,,,,,,,,,,,,,,,,,,,,,,,,,,,,,,,,,,,,,,,,,,
,,,,,,60eb274540d8358b70fdbb1d,62c538bf54f3a38dea76a902,2022-07-06_09h34.23.132,Colour_Asymmetry_Pilot,2022.1.3,Win32,57.43495491,62c50e9c1127f2cd403a315f,0,40,40,64,1,onetwo,,,,,,,,,,,,,,,,,,,,,,,,,,,,,,,,,,,,,,,,,,,,,,,,,,,,,,,,,,,,,,,,,,,,,,,,,,,,,,,,,,,,,,,,,,,,,,,,,,,,,,,,,,,,,,,,,,,,,,,,,,,,,,,,,,,,,,,,,,,,,,,,,,,,,,,,,,,,,
,,,,,,60eb274540d8358b70fdbb1d,62c538bf54f3a38dea76a902,2022-07-06_09h34.23.132,Colour_Asymmetry_Pilot,2022.1.3,Win32,57.43495491,62c50e9c1127f2cd403a315f,0,41,41,140,1,threeone,,,,,,,,,,,,,,,,,,,,,,,,,,,,,,,,,,,,,,,,,,,,,,,,,,,,,,,,,,,,,,,,,,,,,,,,,,,,,,,,,,,,,,,,,,,,,,,,,,,,,,,,,,,,,,,,,,,,,,,,,,,,,,,,,,,,,,,,,,,,,,,,,,,,,,,,,,,,,
,,,,,,60eb274540d8358b70fdbb1d,62c538bf54f3a38dea76a902,2022-07-06_09h34.23.132,Colour_Asymmetry_Pilot,2022.1.3,Win32,57.43495491,62c50e9c1127f2cd403a315f,0,42,42,71,1,fourthree,,,,,,,,,,,,,,,,,,,,,,,,,,,,,,,,,,,,,,,,,,,,,,,,,,,,,,,,,,,,,,,,,,,,,,,,,,,,,,,,,,,,,,,,,,,,,,,,,,,,,,,,,,,,,,,,,,,,,,,,,,,,,,,,,,,,,,,,,,,,,,,,,,,,,,,,,,,,,
,,,,,,60eb274540d8358b70fdbb1d,62c538bf54f3a38dea76a902,2022-07-06_09h34.23.132,Colour_Asymmetry_Pilot,2022.1.3,Win32,57.43495491,62c50e9c1127f2cd403a315f,0,43,43,29,1,threefour,,,,,,,,,,,,,,,,,,,,,,,,,,,,,,,,,,,,,,,,,,,,,,,,,,,,,,,,,,,,,,,,,,,,,,,,,,,,,,,,,,,,,,,,,,,,,,,,,,,,,,,,,,,,,,,,,,,,,,,,,,,,,,,,,,,,,,,,,,,,,,,,,,,,,,,,,,,,,
,,,,,,60eb274540d8358b70fdbb1d,62c538bf54f3a38dea76a902,2022-07-06_09h34.23.132,Colour_Asymmetry_Pilot,2022.1.3,Win32,57.43495491,62c50e9c1127f2cd403a315f,0,44,44,3,1,twofour,,,,,,,,,,,,,,,,,,,,,,,,,,,,,,,,,,,,,,,,,,,,,,,,,,,,,,,,,,,,,,,,,,,,,,,,,,,,,,,,,,,,,,,,,,,,,,,,,,,,,,,,,,,,,,,,,,,,,,,,,,,,,,,,,,,,,,,,,,,,,,,,,,,,,,,,,,,,,
,,,,,,60eb274540d8358b70fdbb1d,62c538bf54f3a38dea76a902,2022-07-06_09h34.23.132,Colour_Asymmetry_Pilot,2022.1.3,Win32,57.43495491,62c50e9c1127f2cd403a315f,0,45,45,69,1,threefour,,,,,,,,,,,,,,,,,,,,,,,,,,,,,,,,,,,,,,,,,,,,,,,,,,,,,,,,,,,,,,,,,,,,,,,,,,,,,,,,,,,,,,,,,,,,,,,,,,,,,,,,,,,,,,,,,,,,,,,,,,,,,,,,,,,,,,,,,,,,,,,,,,,,,,,,,,,,,
,,,,,,60eb274540d8358b70fdbb1d,62c538bf54f3a38dea76a902,2022-07-06_09h34.23.132,Colour_Asymmetry_Pilot,2022.1.3,Win32,57.43495491,62c50e9c1127f2cd403a315f,0,46,46,94,1,fourtwo,,,,,,,,,,,,,,,,,,,,,,,,,,,,,,,,,,,,,,,,,,,,,,,,,,,,,,,,,,,,,,,,,,,,,,,,,,,,,,,,,,,,,,,,,,,,,,,,,,,,,,,,,,,,,,,,,,,,,,,,,,,,,,,,,,,,,,,,,,,,,,,,,,,,,,,,,,,,,
,,,,,,60eb274540d8358b70fdbb1d,62c538bf54f3a38dea76a902,2022-07-06_09h34.23.132,Colour_Asymmetry_Pilot,2022.1.3,Win32,57.43495491,62c50e9c1127f2cd403a315f,0,47,47,134,1,fourtwo,,,,,,,,,,,,,,,,,,,,,,,,,,,,,,,,,,,,,,,,,,,,,,,,,,,,,,,,,,,,,,,,,,,,,,,,,,,,,,,,,,,,,,,,,,,,,,,,,,,,,,,,,,,,,,,,,,,,,,,,,,,,,,,,,,,,,,,,,,,,,,,,,,,,,,,,,,,,,
,,,,,,60eb274540d8358b70fdbb1d,62c538bf54f3a38dea76a902,2022-07-06_09h34.23.132,Colour_Asymmetry_Pilot,2022.1.3,Win32,57.43495491,62c50e9c1127f2cd403a315f,0,48,48,24,1,onetwo,,,,,,,,,,,,,,,,,,,,,,,,,,,,,,,,,,,,,,,,,,,,,,,,,,,,,,,,,,,,,,,,,,,,,,,,,,,,,,,,,,,,,,,,,,,,,,,,,,,,,,,,,,,,,,,,,,,,,,,,,,,,,,,,,,,,,,,,,,,,,,,,,,,,,,,,,,,,,
,,,,,,60eb274540d8358b70fdbb1d,62c538bf54f3a38dea76a902,2022-07-06_09h34.23.132,Colour_Asymmetry_Pilot,2022.1.3,Win32,57.43495491,62c50e9c1127f2cd403a315f,0,49,49,61,1,threefour,,,,,,,,,,,,,,,,,,,,,,,,,,,,,,,,,,,,,,,,,,,,,,,,,,,,,,,,,,,,,,,,,,,,,,,,,,,,,,,,,,,,,,,,,,,,,,,,,,,,,,,,,,,,,,,,,,,,,,,,,,,,,,,,,,,,,,,,,,,,,,,,,,,,,,,,,,,,,
,,,,,,60eb274540d8358b70fdbb1d,62c538bf54f3a38dea76a902,2022-07-06_09h34.23.132,Colour_Asymmetry_Pilot,2022.1.3,Win32,57.43495491,62c50e9c1127f2cd403a315f,0,50,50,55,1,fourthree,,,,,,,,,,,,,,,,,,,,,,,,,,,,,,,,,,,,,,,,,,,,,,,,,,,,,,,,,,,,,,,,,,,,,,,,,,,,,,,,,,,,,,,,,,,,,,,,,,,,,,,,,,,,,,,,,,,,,,,,,,,,,,,,,,,,,,,,,,,,,,,,,,,,,,,,,,,,,
,,,,,,60eb274540d8358b70fdbb1d,62c538bf54f3a38dea76a902,2022-07-06_09h34.23.132,Colour_Asymmetry_Pilot,2022.1.3,Win32,57.43495491,62c50e9c1127f2cd403a315f,0,51,51,22,1,fourtwo,,,,,,,,,,,,,,,,,,,,,,,,,,,,,,,,,,,,,,,,,,,,,,,,,,,,,,,,,,,,,,,,,,,,,,,,,,,,,,,,,,,,,,,,,,,,,,,,,,,,,,,,,,,,,,,,,,,,,,,,,,,,,,,,,,,,,,,,,,,,,,,,,,,,,,,,,,,,,
,,,,,,60eb274540d8358b70fdbb1d,62c538bf54f3a38dea76a902,2022-07-06_09h34.23.132,Colour_Asymmetry_Pilot,2022.1.3,Win32,57.43495491,62c50e9c1127f2cd403a315f,0,52,52,34,1,twoone,,,,,,,,,,,,,,,,,,,,,,,,,,,,,,,,,,,,,,,,,,,,,,,,,,,,,,,,,,,,,,,,,,,,,,,,,,,,,,,,,,,,,,,,,,,,,,,,,,,,,,,,,,,,,,,,,,,,,,,,,,,,,,,,,,,,,,,,,,,,,,,,,,,,,,,,,,,,,
,,,,,,60eb274540d8358b70fdbb1d,62c538bf54f3a38dea76a902,2022-07-06_09h34.23.132,Colour_Asymmetry_Pilot,2022.1.3,Win32,57.43495491,62c50e9c1127f2cd403a315f,0,53,53,65,1,onethree,,,,,,,,,,,,,,,,,,,,,,,,,,,,,,,,,,,,,,,,,,,,,,,,,,,,,,,,,,,,,,,,,,,,,,,,,,,,,,,,,,,,,,,,,,,,,,,,,,,,,,,,,,,,,,,,,,,,,,,,,,,,,,,,,,,,,,,,,,,,,,,,,,,,,,,,,,,,,
,,,,,,60eb274540d8358b70fdbb1d,62c538bf54f3a38dea76a902,2022-07-06_09h34.23.132,Colour_Asymmetry_Pilot,2022.1.3,Win32,57.43495491,62c50e9c1127f2cd403a315f,0,54,54,143,1,fourthree,,,,,,,,,,,,,,,,,,,,,,,,,,,,,,,,,,,,,,,,,,,,,,,,,,,,,,,,,,,,,,,,,,,,,,,,,,,,,,,,,,,,,,,,,,,,,,,,,,,,,,,,,,,,,,,,,,,,,,,,,,,,,,,,,,,,,,,,,,,,,,,,,,,,,,,,,,,,,
,,,,,,60eb274540d8358b70fdbb1d,62c538bf54f3a38dea76a902,2022-07-06_09h34.23.132,Colour_Asymmetry_Pilot,2022.1.3,Win32,57.43495491,62c50e9c1127f2cd403a315f,0,55,55,36,1,threeone,,,,,,,,,,,,,,,,,,,,,,,,,,,,,,,,,,,,,,,,,,,,,,,,,,,,,,,,,,,,,,,,,,,,,,,,,,,,,,,,,,,,,,,,,,,,,,,,,,,,,,,,,,,,,,,,,,,,,,,,,,,,,,,,,,,,,,,,,,,,,,,,,,,,,,,,,,,,,
,,,,,,60eb274540d8358b70fdbb1d,62c538bf54f3a38dea76a902,2022-07-06_09h34.23.132,Colour_Asymmetry_Pilot,2022.1.3,Win32,57.43495491,62c50e9c1127f2cd403a315f,0,56,56,120,1,onetwo,,,,,,,,,,,,,,,,,,,,,,,,,,,,,,,,,,,,,,,,,,,,,,,,,,,,,,,,,,,,,,,,,,,,,,,,,,,,,,,,,,,,,,,,,,,,,,,,,,,,,,,,,,,,,,,,,,,,,,,,,,,,,,,,,,,,,,,,,,,,,,,,,,,,,,,,,,,,,
,,,,,,60eb274540d8358b70fdbb1d,62c538bf54f3a38dea76a902,2022-07-06_09h34.23.132,Colour_Asymmetry_Pilot,2022.1.3,Win32,57.43495491,62c50e9c1127f2cd403a315f,0,57,57,38,1,fourtwo,,,,,,,,,,,,,,,,,,,,,,,,,,,,,,,,,,,,,,,,,,,,,,,,,,,,,,,,,,,,,,,,,,,,,,,,,,,,,,,,,,,,,,,,,,,,,,,,,,,,,,,,,,,,,,,,,,,,,,,,,,,,,,,,,,,,,,,,,,,,,,,,,,,,,,,,,,,,,
,,,,,,60eb274540d8358b70fdbb1d,62c538bf54f3a38dea76a902,2022-07-06_09h34.23.132,Colour_Asymmetry_Pilot,2022.1.3,Win32,57.43495491,62c50e9c1127f2cd403a315f,0,58,58,112,1,onetwo,,,,,,,,,,,,,,,,,,,,,,,,,,,,,,,,,,,,,,,,,,,,,,,,,,,,,,,,,,,,,,,,,,,,,,,,,,,,,,,,,,,,,,,,,,,,,,,,,,,,,,,,,,,,,,,,,,,,,,,,,,,,,,,,,,,,,,,,,,,,,,,,,,,,,,,,,,,,,
,,,,,,60eb274540d8358b70fdbb1d,62c538bf54f3a38dea76a902,2022-07-06_09h34.23.132,Colour_Asymmetry_Pilot,2022.1.3,Win32,57.43495491,62c50e9c1127f2cd403a315f,0,59,59,5,1,threefour,,,,,,,,,,,,,,,,,,,,,,,,,,,,,,,,,,,,,,,,,,,,,,,,,,,,,,,,,,,,,,,,,,,,,,,,,,,,,,,,,,,,,,,,,,,,,,,,,,,,,,,,,,,,,,,,,,,,,,,,,,,,,,,,,,,,,,,,,,,,,,,,,,,,,,,,,,,,,
,,,,,,60eb274540d8358b70fdbb1d,62c538bf54f3a38dea76a902,2022-07-06_09h34.23.132,Colour_Asymmetry_Pilot,2022.1.3,Win32,57.43495491,62c50e9c1127f2cd403a315f,0,60,60,93,1,threefour,,,,,,,,,,,,,,,,,,,,,,,,,,,,,,,,,,,,,,,,,,,,,,,,,,,,,,,,,,,,,,,,,,,,,,,,,,,,,,,,,,,,,,,,,,,,,,,,,,,,,,,,,,,,,,,,,,,,,,,,,,,,,,,,,,,,,,,,,,,,,,,,,,,,,,,,,,,,,
,,,,,,60eb274540d8358b70fdbb1d,62c538bf54f3a38dea76a902,2022-07-06_09h34.23.132,Colour_Asymmetry_Pilot,2022.1.3,Win32,57.43495491,62c50e9c1127f2cd403a315f,0,61,61,125,1,threefour,,,,,,,,,,,,,,,,,,,,,,,,,,,,,,,,,,,,,,,,,,,,,,,,,,,,,,,,,,,,,,,,,,,,,,,,,,,,,,,,,,,,,,,,,,,,,,,,,,,,,,,,,,,,,,,,,,,,,,,,,,,,,,,,,,,,,,,,,,,,,,,,,,,,,,,,,,,,,
,,,,,,60eb274540d8358b70fdbb1d,62c538bf54f3a38dea76a902,2022-07-06_09h34.23.132,Colour_Asymmetry_Pilot,2022.1.3,Win32,57.43495491,62c50e9c1127f2cd403a315f,0,62,62,83,1,twofour,,,,,,,,,,,,,,,,,,,,,,,,,,,,,,,,,,,,,,,,,,,,,,,,,,,,,,,,,,,,,,,,,,,,,,,,,,,,,,,,,,,,,,,,,,,,,,,,,,,,,,,,,,,,,,,,,,,,,,,,,,,,,,,,,,,,,,,,,,,,,,,,,,,,,,,,,,,,,
,,,,,,60eb274540d8358b70fdbb1d,62c538bf54f3a38dea76a902,2022-07-06_09h34.23.132,Colour_Asymmetry_Pilot,2022.1.3,Win32,57.43495491,62c50e9c1127f2cd403a315f,0,63,63,56,1,onetwo,,,,,,,,,,,,,,,,,,,,,,,,,,,,,,,,,,,,,,,,,,,,,,,,,,,,,,,,,,,,,,,,,,,,,,,,,,,,,,,,,,,,,,,,,,,,,,,,,,,,,,,,,,,,,,,,,,,,,,,,,,,,,,,,,,,,,,,,,,,,,,,,,,,,,,,,,,,,,
,,,,,,60eb274540d8358b70fdbb1d,62c538bf54f3a38dea76a902,2022-07-06_09h34.23.132,Colour_Asymmetry_Pilot,2022.1.3,Win32,57.43495491,62c50e9c1127f2cd403a315f,0,64,64,95,1,fourthree,,,,,,,,,,,,,,,,,,,,,,,,,,,,,,,,,,,,,,,,,,,,,,,,,,,,,,,,,,,,,,,,,,,,,,,,,,,,,,,,,,,,,,,,,,,,,,,,,,,,,,,,,,,,,,,,,,,,,,,,,,,,,,,,,,,,,,,,,,,,,,,,,,,,,,,,,,,,,
,,,,,,60eb274540d8358b70fdbb1d,62c538bf54f3a38dea76a902,2022-07-06_09h34.23.132,Colour_Asymmetry_Pilot,2022.1.3,Win32,57.43495491,62c50e9c1127f2cd403a315f,0,65,65,130,1,twoone,,,,,,,,,,,,,,,,,,,,,,,,,,,,,,,,,,,,,,,,,,,,,,,,,,,,,,,,,,,,,,,,,,,,,,,,,,,,,,,,,,,,,,,,,,,,,,,,,,,,,,,,,,,,,,,,,,,,,,,,,,,,,,,,,,,,,,,,,,,,,,,,,,,,,,,,,,,,,
,,,,,,60eb274540d8358b70fdbb1d,62c538bf54f3a38dea76a902,2022-07-06_09h34.23.132,Colour_Asymmetry_Pilot,2022.1.3,Win32,57.43495491,62c50e9c1127f2cd403a315f,0,66,66,147,1,twofour,,,,,,,,,,,,,,,,,,,,,,,,,,,,,,,,,,,,,,,,,,,,,,,,,,,,,,,,,,,,,,,,,,,,,,,,,,,,,,,,,,,,,,,,,,,,,,,,,,,,,,,,,,,,,,,,,,,,,,,,,,,,,,,,,,,,,,,,,,,,,,,,,,,,,,,,,,,,,
,,,,,,60eb274540d8358b70fdbb1d,62c538bf54f3a38dea76a902,2022-07-06_09h34.23.132,Colour_Asymmetry_Pilot,2022.1.3,Win32,57.43495491,62c50e9c1127f2cd403a315f,0,67,67,106,1,twoone,,,,,,,,,,,,,,,,,,,,,,,,,,,,,,,,,,,,,,,,,,,,,,,,,,,,,,,,,,,,,,,,,,,,,,,,,,,,,,,,,,,,,,,,,,,,,,,,,,,,,,,,,,,,,,,,,,,,,,,,,,,,,,,,,,,,,,,,,,,,,,,,,,,,,,,,,,,,,
,,,,,,60eb274540d8358b70fdbb1d,62c538bf54f3a38dea76a902,2022-07-06_09h34.23.132,Colour_Asymmetry_Pilot,2022.1.3,Win32,57.43495491,62c50e9c1127f2cd403a315f,0,68,68,97,1,onethree,,,,,,,,,,,,,,,,,,,,,,,,,,,,,,,,,,,,,,,,,,,,,,,,,,,,,,,,,,,,,,,,,,,,,,,,,,,,,,,,,,,,,,,,,,,,,,,,,,,,,,,,,,,,,,,,,,,,,,,,,,,,,,,,,,,,,,,,,,,,,,,,,,,,,,,,,,,,,
,,,,,,60eb274540d8358b70fdbb1d,62c538bf54f3a38dea76a902,2022-07-06_09h34.23.132,Colour_Asymmetry_Pilot,2022.1.3,Win32,57.43495491,62c50e9c1127f2cd403a315f,0,69,69,122,1,twoone,,,,,,,,,,,,,,,,,,,,,,,,,,,,,,,,,,,,,,,,,,,,,,,,,,,,,,,,,,,,,,,,,,,,,,,,,,,,,,,,,,,,,,,,,,,,,,,,,,,,,,,,,,,,,,,,,,,,,,,,,,,,,,,,,,,,,,,,,,,,,,,,,,,,,,,,,,,,,
,,,,,,60eb274540d8358b70fdbb1d,62c538bf54f3a38dea76a902,2022-07-06_09h34.23.132,Colour_Asymmetry_Pilot,2022.1.3,Win32,57.43495491,62c50e9c1127f2cd403a315f,0,70,70,119,1,fourthree,,,,,,,,,,,,,,,,,,,,,,,,,,,,,,,,,,,,,,,,,,,,,,,,,,,,,,,,,,,,,,,,,,,,,,,,,,,,,,,,,,,,,,,,,,,,,,,,,,,,,,,,,,,,,,,,,,,,,,,,,,,,,,,,,,,,,,,,,,,,,,,,,,,,,,,,,,,,,
,,,,,,60eb274540d8358b70fdbb1d,62c538bf54f3a38dea76a902,2022-07-06_09h34.23.132,Colour_Asymmetry_Pilot,2022.1.3,Win32,57.43495491,62c50e9c1127f2cd403a315f,0,71,71,37,1,threefour,,,,,,,,,,,,,,,,,,,,,,,,,,,,,,,,,,,,,,,,,,,,,,,,,,,,,,,,,,,,,,,,,,,,,,,,,,,,,,,,,,,,,,,,,,,,,,,,,,,,,,,,,,,,,,,,,,,,,,,,,,,,,,,,,,,,,,,,,,,,,,,,,,,,,,,,,,,,,
,,,,,,60eb274540d8358b70fdbb1d,62c538bf54f3a38dea76a902,2022-07-06_09h34.23.132,Colour_Asymmetry_Pilot,2022.1.3,Win32,57.43495491,62c50e9c1127f2cd403a315f,0,72,72,18,1,twoone,,,,,,,,,,,,,,,,,,,,,,,,,,,,,,,,,,,,,,,,,,,,,,,,,,,,,,,,,,,,,,,,,,,,,,,,,,,,,,,,,,,,,,,,,,,,,,,,,,,,,,,,,,,,,,,,,,,,,,,,,,,,,,,,,,,,,,,,,,,,,,,,,,,,,,,,,,,,,
,,,,,,60eb274540d8358b70fdbb1d,62c538bf54f3a38dea76a902,2022-07-06_09h34.23.132,Colour_Asymmetry_Pilot,2022.1.3,Win32,57.43495491,62c50e9c1127f2cd403a315f,0,73,73,13,1,threefour,,,,,,,,,,,,,,,,,,,,,,,,,,,,,,,,,,,,,,,,,,,,,,,,,,,,,,,,,,,,,,,,,,,,,,,,,,,,,,,,,,,,,,,,,,,,,,,,,,,,,,,,,,,,,,,,,,,,,,,,,,,,,,,,,,,,,,,,,,,,,,,,,,,,,,,,,,,,,
,,,,,,60eb274540d8358b70fdbb1d,62c538bf54f3a38dea76a902,2022-07-06_09h34.23.132,Colour_Asymmetry_Pilot,2022.1.3,Win32,57.43495491,62c50e9c1127f2cd403a315f,0,74,74,114,1,twoone,,,,,,,,,,,,,,,,,,,,,,,,,,,,,,,,,,,,,,,,,,,,,,,,,,,,,,,,,,,,,,,,,,,,,,,,,,,,,,,,,,,,,,,,,,,,,,,,,,,,,,,,,,,,,,,,,,,,,,,,,,,,,,,,,,,,,,,,,,,,,,,,,,,,,,,,,,,,,
,,,,,,60eb274540d8358b70fdbb1d,62c538bf54f3a38dea76a902,2022-07-06_09h34.23.132,Colour_Asymmetry_Pilot,2022.1.3,Win32,57.43495491,62c50e9c1127f2cd403a315f,0,75,75,40,1,onetwo,,,,,,,,,,,,,,,,,,,,,,,,,,,,,,,,,,,,,,,,,,,,,,,,,,,,,,,,,,,,,,,,,,,,,,,,,,,,,,,,,,,,,,,,,,,,,,,,,,,,,,,,,,,,,,,,,,,,,,,,,,,,,,,,,,,,,,,,,,,,,,,,,,,,,,,,,,,,,
,,,,,,60eb274540d8358b70fdbb1d,62c538bf54f3a38dea76a902,2022-07-06_09h34.23.132,Colour_Asymmetry_Pilot,2022.1.3,Win32,57.43495491,62c50e9c1127f2cd403a315f,0,76,76,46,1,fourtwo,,,,,,,,,,,,,,,,,,,,,,,,,,,,,,,,,,,,,,,,,,,,,,,,,,,,,,,,,,,,,,,,,,,,,,,,,,,,,,,,,,,,,,,,,,,,,,,,,,,,,,,,,,,,,,,,,,,,,,,,,,,,,,,,,,,,,,,,,,,,,,,,,,,,,,,,,,,,,
,,,,,,60eb274540d8358b70fdbb1d,62c538bf54f3a38dea76a902,2022-07-06_09h34.23.132,Colour_Asymmetry_Pilot,2022.1.3,Win32,57.43495491,62c50e9c1127f2cd403a315f,0,77,77,116,1,threeone,,,,,,,,,,,,,,,,,,,,,,,,,,,,,,,,,,,,,,,,,,,,,,,,,,,,,,,,,,,,,,,,,,,,,,,,,,,,,,,,,,,,,,,,,,,,,,,,,,,,,,,,,,,,,,,,,,,,,,,,,,,,,,,,,,,,,,,,,,,,,,,,,,,,,,,,,,,,,
,,,,,,60eb274540d8358b70fdbb1d,62c538bf54f3a38dea76a902,2022-07-06_09h34.23.132,Colour_Asymmetry_Pilot,2022.1.3,Win32,57.43495491,62c50e9c1127f2cd403a315f,0,78,78,39,1,fourthree,,,,,,,,,,,,,,,,,,,,,,,,,,,,,,,,,,,,,,,,,,,,,,,,,,,,,,,,,,,,,,,,,,,,,,,,,,,,,,,,,,,,,,,,,,,,,,,,,,,,,,,,,,,,,,,,,,,,,,,,,,,,,,,,,,,,,,,,,,,,,,,,,,,,,,,,,,,,,
,,,,,,60eb274540d8358b70fdbb1d,62c538bf54f3a38dea76a902,2022-07-06_09h34.23.132,Colour_Asymmetry_Pilot,2022.1.3,Win32,57.43495491,62c50e9c1127f2cd403a315f,0,79,79,31,1,fourthree,,,,,,,,,,,,,,,,,,,,,,,,,,,,,,,,,,,,,,,,,,,,,,,,,,,,,,,,,,,,,,,,,,,,,,,,,,,,,,,,,,,,,,,,,,,,,,,,,,,,,,,,,,,,,,,,,,,,,,,,,,,,,,,,,,,,,,,,,,,,,,,,,,,,,,,,,,,,,
,,,,,,60eb274540d8358b70fdbb1d,62c538bf54f3a38dea76a902,2022-07-06_09h34.23.132,Colour_Asymmetry_Pilot,2022.1.3,Win32,57.43495491,62c50e9c1127f2cd403a315f,0,80,80,102,1,fourtwo,,,,,,,,,,,,,,,,,,,,,,,,,,,,,,,,,,,,,,,,,,,,,,,,,,,,,,,,,,,,,,,,,,,,,,,,,,,,,,,,,,,,,,,,,,,,,,,,,,,,,,,,,,,,,,,,,,,,,,,,,,,,,,,,,,,,,,,,,,,,,,,,,,,,,,,,,,,,,
,,,,,,60eb274540d8358b70fdbb1d,62c538bf54f3a38dea76a902,2022-07-06_09h34.23.132,Colour_Asymmetry_Pilot,2022.1.3,Win32,57.43495491,62c50e9c1127f2cd403a315f,0,81,81,133,1,threefour,,,,,,,,,,,,,,,,,,,,,,,,,,,,,,,,,,,,,,,,,,,,,,,,,,,,,,,,,,,,,,,,,,,,,,,,,,,,,,,,,,,,,,,,,,,,,,,,,,,,,,,,,,,,,,,,,,,,,,,,,,,,,,,,,,,,,,,,,,,,,,,,,,,,,,,,,,,,,
,,,,,,60eb274540d8358b70fdbb1d,62c538bf54f3a38dea76a902,2022-07-06_09h34.23.132,Colour_Asymmetry_Pilot,2022.1.3,Win32,57.43495491,62c50e9c1127f2cd403a315f,0,82,82,43,1,twofour,,,,,,,,,,,,,,,,,,,,,,,,,,,,,,,,,,,,,,,,,,,,,,,,,,,,,,,,,,,,,,,,,,,,,,,,,,,,,,,,,,,,,,,,,,,,,,,,,,,,,,,,,,,,,,,,,,,,,,,,,,,,,,,,,,,,,,,,,,,,,,,,,,,,,,,,,,,,,
,,,,,,60eb274540d8358b70fdbb1d,62c538bf54f3a38dea76a902,2022-07-06_09h34.23.132,Colour_Asymmetry_Pilot,2022.1.3,Win32,57.43495491,62c50e9c1127f2cd403a315f,0,83,83,159,1,fourthree,,,,,,,,,,,,,,,,,,,,,,,,,,,,,,,,,,,,,,,,,,,,,,,,,,,,,,,,,,,,,,,,,,,,,,,,,,,,,,,,,,,,,,,,,,,,,,,,,,,,,,,,,,,,,,,,,,,,,,,,,,,,,,,,,,,,,,,,,,,,,,,,,,,,,,,,,,,,,
,,,,,,60eb274540d8358b70fdbb1d,62c538bf54f3a38dea76a902,2022-07-06_09h34.23.132,Colour_Asymmetry_Pilot,2022.1.3,Win32,57.43495491,62c50e9c1127f2cd403a315f,0,84,84,137,1,onethree,,,,,,,,,,,,,,,,,,,,,,,,,,,,,,,,,,,,,,,,,,,,,,,,,,,,,,,,,,,,,,,,,,,,,,,,,,,,,,,,,,,,,,,,,,,,,,,,,,,,,,,,,,,,,,,,,,,,,,,,,,,,,,,,,,,,,,,,,,,,,,,,,,,,,,,,,,,,,
,,,,,,60eb274540d8358b70fdbb1d,62c538bf54f3a38dea76a902,2022-07-06_09h34.23.132,Colour_Asymmetry_Pilot,2022.1.3,Win32,57.43495491,62c50e9c1127f2cd403a315f,0,85,85,23,1,fourthree,,,,,,,,,,,,,,,,,,,,,,,,,,,,,,,,,,,,,,,,,,,,,,,,,,,,,,,,,,,,,,,,,,,,,,,,,,,,,,,,,,,,,,,,,,,,,,,,,,,,,,,,,,,,,,,,,,,,,,,,,,,,,,,,,,,,,,,,,,,,,,,,,,,,,,,,,,,,,
,,,,,,60eb274540d8358b70fdbb1d,62c538bf54f3a38dea76a902,2022-07-06_09h34.23.132,Colour_Asymmetry_Pilot,2022.1.3,Win32,57.43495491,62c50e9c1127f2cd403a315f,0,86,86,2,1,twoone,,,,,,,,,,,,,,,,,,,,,,,,,,,,,,,,,,,,,,,,,,,,,,,,,,,,,,,,,,,,,,,,,,,,,,,,,,,,,,,,,,,,,,,,,,,,,,,,,,,,,,,,,,,,,,,,,,,,,,,,,,,,,,,,,,,,,,,,,,,,,,,,,,,,,,,,,,,,,
,,,,,,60eb274540d8358b70fdbb1d,62c538bf54f3a38dea76a902,2022-07-06_09h34.23.132,Colour_Asymmetry_Pilot,2022.1.3,Win32,57.43495491,62c50e9c1127f2cd403a315f,0,87,87,89,1,onethree,,,,,,,,,,,,,,,,,,,,,,,,,,,,,,,,,,,,,,,,,,,,,,,,,,,,,,,,,,,,,,,,,,,,,,,,,,,,,,,,,,,,,,,,,,,,,,,,,,,,,,,,,,,,,,,,,,,,,,,,,,,,,,,,,,,,,,,,,,,,,,,,,,,,,,,,,,,,,
,,,,,,60eb274540d8358b70fdbb1d,62c538bf54f3a38dea76a902,2022-07-06_09h34.23.132,Colour_Asymmetry_Pilot,2022.1.3,Win32,57.43495491,62c50e9c1127f2cd403a315f,0,88,88,85,1,threefour,,,,,,,,,,,,,,,,,,,,,,,,,,,,,,,,,,,,,,,,,,,,,,,,,,,,,,,,,,,,,,,,,,,,,,,,,,,,,,,,,,,,,,,,,,,,,,,,,,,,,,,,,,,,,,,,,,,,,,,,,,,,,,,,,,,,,,,,,,,,,,,,,,,,,,,,,,,,,
,,,,,,60eb274540d8358b70fdbb1d,62c538bf54f3a38dea76a902,2022-07-06_09h34.23.132,Colour_Asymmetry_Pilot,2022.1.3,Win32,57.43495491,62c50e9c1127f2cd403a315f,0,89,89,60,1,threeone,,,,,,,,,,,,,,,,,,,,,,,,,,,,,,,,,,,,,,,,,,,,,,,,,,,,,,,,,,,,,,,,,,,,,,,,,,,,,,,,,,,,,,,,,,,,,,,,,,,,,,,,,,,,,,,,,,,,,,,,,,,,,,,,,,,,,,,,,,,,,,,,,,,,,,,,,,,,,
,,,,,,60eb274540d8358b70fdbb1d,62c538bf54f3a38dea76a902,2022-07-06_09h34.23.132,Colour_Asymmetry_Pilot,2022.1.3,Win32,57.43495491,62c50e9c1127f2cd403a315f,0,90,90,121,1,onethree,,,,,,,,,,,,,,,,,,,,,,,,,,,,,,,,,,,,,,,,,,,,,,,,,,,,,,,,,,,,,,,,,,,,,,,,,,,,,,,,,,,,,,,,,,,,,,,,,,,,,,,,,,,,,,,,,,,,,,,,,,,,,,,,,,,,,,,,,,,,,,,,,,,,,,,,,,,,,
,,,,,,60eb274540d8358b70fdbb1d,62c538bf54f3a38dea76a902,2022-07-06_09h34.23.132,Colour_Asymmetry_Pilot,2022.1.3,Win32,57.43495491,62c50e9c1127f2cd403a315f,0,91,91,32,1,onetwo,,,,,,,,,,,,,,,,,,,,,,,,,,,,,,,,,,,,,,,,,,,,,,,,,,,,,,,,,,,,,,,,,,,,,,,,,,,,,,,,,,,,,,,,,,,,,,,,,,,,,,,,,,,,,,,,,,,,,,,,,,,,,,,,,,,,,,,,,,,,,,,,,,,,,,,,,,,,,
,,,,,,60eb274540d8358b70fdbb1d,62c538bf54f3a38dea76a902,2022-07-06_09h34.23.132,Colour_Asymmetry_Pilot,2022.1.3,Win32,57.43495491,62c50e9c1127f2cd403a315f,0,92,92,141,1,threefour,,,,,,,,,,,,,,,,,,,,,,,,,,,,,,,,,,,,,,,,,,,,,,,,,,,,,,,,,,,,,,,,,,,,,,,,,,,,,,,,,,,,,,,,,,,,,,,,,,,,,,,,,,,,,,,,,,,,,,,,,,,,,,,,,,,,,,,,,,,,,,,,,,,,,,,,,,,,,
,,,,,,60eb274540d8358b70fdbb1d,62c538bf54f3a38dea76a902,2022-07-06_09h34.23.132,Colour_Asymmetry_Pilot,2022.1.3,Win32,57.43495491,62c50e9c1127f2cd403a315f,0,93,93,4,1,threeone,,,,,,,,,,,,,,,,,,,,,,,,,,,,,,,,,,,,,,,,,,,,,,,,,,,,,,,,,,,,,,,,,,,,,,,,,,,,,,,,,,,,,,,,,,,,,,,,,,,,,,,,,,,,,,,,,,,,,,,,,,,,,,,,,,,,,,,,,,,,,,,,,,,,,,,,,,,,,
,,,,,,60eb274540d8358b70fdbb1d,62c538bf54f3a38dea76a902,2022-07-06_09h34.23.132,Colour_Asymmetry_Pilot,2022.1.3,Win32,57.43495491,62c50e9c1127f2cd403a315f,0,94,94,150,1,fourtwo,,,,,,,,,,,,,,,,,,,,,,,,,,,,,,,,,,,,,,,,,,,,,,,,,,,,,,,,,,,,,,,,,,,,,,,,,,,,,,,,,,,,,,,,,,,,,,,,,,,,,,,,,,,,,,,,,,,,,,,,,,,,,,,,,,,,,,,,,,,,,,,,,,,,,,,,,,,,,
,,,,,,60eb274540d8358b70fdbb1d,62c538bf54f3a38dea76a902,2022-07-06_09h34.23.132,Colour_Asymmetry_Pilot,2022.1.3,Win32,57.43495491,62c50e9c1127f2cd403a315f,0,95,95,33,1,onethree,,,,,,,,,,,,,,,,,,,,,,,,,,,,,,,,,,,,,,,,,,,,,,,,,,,,,,,,,,,,,,,,,,,,,,,,,,,,,,,,,,,,,,,,,,,,,,,,,,,,,,,,,,,,,,,,,,,,,,,,,,,,,,,,,,,,,,,,,,,,,,,,,,,,,,,,,,,,,
,,,,,,60eb274540d8358b70fdbb1d,62c538bf54f3a38dea76a902,2022-07-06_09h34.23.132,Colour_Asymmetry_Pilot,2022.1.3,Win32,57.43495491,62c50e9c1127f2cd403a315f,0,96,96,53,1,threefour,,,,,,,,,,,,,,,,,,,,,,,,,,,,,,,,,,,,,,,,,,,,,,,,,,,,,,,,,,,,,,,,,,,,,,,,,,,,,,,,,,,,,,,,,,,,,,,,,,,,,,,,,,,,,,,,,,,,,,,,,,,,,,,,,,,,,,,,,,,,,,,,,,,,,,,,,,,,,
,,,,,,60eb274540d8358b70fdbb1d,62c538bf54f3a38dea76a902,2022-07-06_09h34.23.132,Colour_Asymmetry_Pilot,2022.1.3,Win32,57.43495491,62c50e9c1127f2cd403a315f,0,97,97,63,1,fourthree,,,,,,,,,,,,,,,,,,,,,,,,,,,,,,,,,,,,,,,,,,,,,,,,,,,,,,,,,,,,,,,,,,,,,,,,,,,,,,,,,,,,,,,,,,,,,,,,,,,,,,,,,,,,,,,,,,,,,,,,,,,,,,,,,,,,,,,,,,,,,,,,,,,,,,,,,,,,,
,,,,,,60eb274540d8358b70fdbb1d,62c538bf54f3a38dea76a902,2022-07-06_09h34.23.132,Colour_Asymmetry_Pilot,2022.1.3,Win32,57.43495491,62c50e9c1127f2cd403a315f,0,98,98,73,1,onethree,,,,,,,,,,,,,,,,,,,,,,,,,,,,,,,,,,,,,,,,,,,,,,,,,,,,,,,,,,,,,,,,,,,,,,,,,,,,,,,,,,,,,,,,,,,,,,,,,,,,,,,,,,,,,,,,,,,,,,,,,,,,,,,,,,,,,,,,,,,,,,,,,,,,,,,,,,,,,
,,,,,,60eb274540d8358b70fdbb1d,62c538bf54f3a38dea76a902,2022-07-06_09h34.23.132,Colour_Asymmetry_Pilot,2022.1.3,Win32,57.43495491,62c50e9c1127f2cd403a315f,0,99,99,136,1,onetwo,,,,,,,,,,,,,,,,,,,,,,,,,,,,,,,,,,,,,,,,,,,,,,,,,,,,,,,,,,,,,,,,,,,,,,,,,,,,,,,,,,,,,,,,,,,,,,,,,,,,,,,,,,,,,,,,,,,,,,,,,,,,,,,,,,,,,,,,,,,,,,,,,,,,,,,,,,,,,
,,,,,,60eb274540d8358b70fdbb1d,62c538bf54f3a38dea76a902,2022-07-06_09h34.23.132,Colour_Asymmetry_Pilot,2022.1.3,Win32,57.43495491,62c50e9c1127f2cd403a315f,0,100,100,124,1,threeone,,,,,,,,,,,,,,,,,,,,,,,,,,,,,,,,,,,,,,,,,,,,,,,,,,,,,,,,,,,,,,,,,,,,,,,,,,,,,,,,,,,,,,,,,,,,,,,,,,,,,,,,,,,,,,,,,,,,,,,,,,,,,,,,,,,,,,,,,,,,,,,,,,,,,,,,,,,,,
,,,,,,60eb274540d8358b70fdbb1d,62c538bf54f3a38dea76a902,2022-07-06_09h34.23.132,Colour_Asymmetry_Pilot,2022.1.3,Win32,57.43495491,62c50e9c1127f2cd403a315f,0,101,101,91,1,twofour,,,,,,,,,,,,,,,,,,,,,,,,,,,,,,,,,,,,,,,,,,,,,,,,,,,,,,,,,,,,,,,,,,,,,,,,,,,,,,,,,,,,,,,,,,,,,,,,,,,,,,,,,,,,,,,,,,,,,,,,,,,,,,,,,,,,,,,,,,,,,,,,,,,,,,,,,,,,,
,,,,,,60eb274540d8358b70fdbb1d,62c538bf54f3a38dea76a902,2022-07-06_09h34.23.132,Colour_Asymmetry_Pilot,2022.1.3,Win32,57.43495491,62c50e9c1127f2cd403a315f,0,102,102,52,1,threeone,,,,,,,,,,,,,,,,,,,,,,,,,,,,,,,,,,,,,,,,,,,,,,,,,,,,,,,,,,,,,,,,,,,,,,,,,,,,,,,,,,,,,,,,,,,,,,,,,,,,,,,,,,,,,,,,,,,,,,,,,,,,,,,,,,,,,,,,,,,,,,,,,,,,,,,,,,,,,
,,,,,,60eb274540d8358b70fdbb1d,62c538bf54f3a38dea76a902,2022-07-06_09h34.23.132,Colour_Asymmetry_Pilot,2022.1.3,Win32,57.43495491,62c50e9c1127f2cd403a315f,0,103,103,103,1,fourthree,,,,,,,,,,,,,,,,,,,,,,,,,,,,,,,,,,,,,,,,,,,,,,,,,,,,,,,,,,,,,,,,,,,,,,,,,,,,,,,,,,,,,,,,,,,,,,,,,,,,,,,,,,,,,,,,,,,,,,,,,,,,,,,,,,,,,,,,,,,,,,,,,,,,,,,,,,,,,
,,,,,,60eb274540d8358b70fdbb1d,62c538bf54f3a38dea76a902,2022-07-06_09h34.23.132,Colour_Asymmetry_Pilot,2022.1.3,Win32,57.43495491,62c50e9c1127f2cd403a315f,0,104,104,148,1,threeone,,,,,,,,,,,,,,,,,,,,,,,,,,,,,,,,,,,,,,,,,,,,,,,,,,,,,,,,,,,,,,,,,,,,,,,,,,,,,,,,,,,,,,,,,,,,,,,,,,,,,,,,,,,,,,,,,,,,,,,,,,,,,,,,,,,,,,,,,,,,,,,,,,,,,,,,,,,,,
,,,,,,60eb274540d8358b70fdbb1d,62c538bf54f3a38dea76a902,2022-07-06_09h34.23.132,Colour_Asymmetry_Pilot,2022.1.3,Win32,57.43495491,62c50e9c1127f2cd403a315f,0,105,105,41,1,onethree,,,,,,,,,,,,,,,,,,,,,,,,,,,,,,,,,,,,,,,,,,,,,,,,,,,,,,,,,,,,,,,,,,,,,,,,,,,,,,,,,,,,,,,,,,,,,,,,,,,,,,,,,,,,,,,,,,,,,,,,,,,,,,,,,,,,,,,,,,,,,,,,,,,,,,,,,,,,,
,,,,,,60eb274540d8358b70fdbb1d,62c538bf54f3a38dea76a902,2022-07-06_09h34.23.132,Colour_Asymmetry_Pilot,2022.1.3,Win32,57.43495491,62c50e9c1127f2cd403a315f,0,106,106,100,1,threeone,,,,,,,,,,,,,,,,,,,,,,,,,,,,,,,,,,,,,,,,,,,,,,,,,,,,,,,,,,,,,,,,,,,,,,,,,,,,,,,,,,,,,,,,,,,,,,,,,,,,,,,,,,,,,,,,,,,,,,,,,,,,,,,,,,,,,,,,,,,,,,,,,,,,,,,,,,,,,
,,,,,,60eb274540d8358b70fdbb1d,62c538bf54f3a38dea76a902,2022-07-06_09h34.23.132,Colour_Asymmetry_Pilot,2022.1.3,Win32,57.43495491,62c50e9c1127f2cd403a315f,0,107,107,75,1,twofour,,,,,,,,,,,,,,,,,,,,,,,,,,,,,,,,,,,,,,,,,,,,,,,,,,,,,,,,,,,,,,,,,,,,,,,,,,,,,,,,,,,,,,,,,,,,,,,,,,,,,,,,,,,,,,,,,,,,,,,,,,,,,,,,,,,,,,,,,,,,,,,,,,,,,,,,,,,,,
,,,,,,60eb274540d8358b70fdbb1d,62c538bf54f3a38dea76a902,2022-07-06_09h34.23.132,Colour_Asymmetry_Pilot,2022.1.3,Win32,57.43495491,62c50e9c1127f2cd403a315f,0,108,108,21,1,threefour,,,,,,,,,,,,,,,,,,,,,,,,,,,,,,,,,,,,,,,,,,,,,,,,,,,,,,,,,,,,,,,,,,,,,,,,,,,,,,,,,,,,,,,,,,,,,,,,,,,,,,,,,,,,,,,,,,,,,,,,,,,,,,,,,,,,,,,,,,,,,,,,,,,,,,,,,,,,,
,,,,,,60eb274540d8358b70fdbb1d,62c538bf54f3a38dea76a902,2022-07-06_09h34.23.132,Colour_Asymmetry_Pilot,2022.1.3,Win32,57.43495491,62c50e9c1127f2cd403a315f,0,109,109,111,1,fourthree,,,,,,,,,,,,,,,,,,,,,,,,,,,,,,,,,,,,,,,,,,,,,,,,,,,,,,,,,,,,,,,,,,,,,,,,,,,,,,,,,,,,,,,,,,,,,,,,,,,,,,,,,,,,,,,,,,,,,,,,,,,,,,,,,,,,,,,,,,,,,,,,,,,,,,,,,,,,,
,,,,,,60eb274540d8358b70fdbb1d,62c538bf54f3a38dea76a902,2022-07-06_09h34.23.132,Colour_Asymmetry_Pilot,2022.1.3,Win32,57.43495491,62c50e9c1127f2cd403a315f,0,110,110,109,1,threefour,,,,,,,,,,,,,,,,,,,,,,,,,,,,,,,,,,,,,,,,,,,,,,,,,,,,,,,,,,,,,,,,,,,,,,,,,,,,,,,,,,,,,,,,,,,,,,,,,,,,,,,,,,,,,,,,,,,,,,,,,,,,,,,,,,,,,,,,,,,,,,,,,,,,,,,,,,,,,
,,,,,,60eb274540d8358b70fdbb1d,62c538bf54f3a38dea76a902,2022-07-06_09h34.23.132,Colour_Asymmetry_Pilot,2022.1.3,Win32,57.43495491,62c50e9c1127f2cd403a315f,0,111,111,19,1,twofour,,,,,,,,,,,,,,,,,,,,,,,,,,,,,,,,,,,,,,,,,,,,,,,,,,,,,,,,,,,,,,,,,,,,,,,,,,,,,,,,,,,,,,,,,,,,,,,,,,,,,,,,,,,,,,,,,,,,,,,,,,,,,,,,,,,,,,,,,,,,,,,,,,,,,,,,,,,,,
,,,,,,60eb274540d8358b70fdbb1d,62c538bf54f3a38dea76a902,2022-07-06_09h34.23.132,Colour_Asymmetry_Pilot,2022.1.3,Win32,57.43495491,62c50e9c1127f2cd403a315f,0,112,112,160,1,onetwo,,,,,,,,,,,,,,,,,,,,,,,,,,,,,,,,,,,,,,,,,,,,,,,,,,,,,,,,,,,,,,,,,,,,,,,,,,,,,,,,,,,,,,,,,,,,,,,,,,,,,,,,,,,,,,,,,,,,,,,,,,,,,,,,,,,,,,,,,,,,,,,,,,,,,,,,,,,,,
,,,,,,60eb274540d8358b70fdbb1d,62c538bf54f3a38dea76a902,2022-07-06_09h34.23.132,Colour_Asymmetry_Pilot,2022.1.3,Win32,57.43495491,62c50e9c1127f2cd403a315f,0,113,113,8,1,onetwo,,,,,,,,,,,,,,,,,,,,,,,,,,,,,,,,,,,,,,,,,,,,,,,,,,,,,,,,,,,,,,,,,,,,,,,,,,,,,,,,,,,,,,,,,,,,,,,,,,,,,,,,,,,,,,,,,,,,,,,,,,,,,,,,,,,,,,,,,,,,,,,,,,,,,,,,,,,,,
,,,,,,60eb274540d8358b70fdbb1d,62c538bf54f3a38dea76a902,2022-07-06_09h34.23.132,Colour_Asymmetry_Pilot,2022.1.3,Win32,57.43495491,62c50e9c1127f2cd403a315f,0,114,114,156,1,threeone,,,,,,,,,,,,,,,,,,,,,,,,,,,,,,,,,,,,,,,,,,,,,,,,,,,,,,,,,,,,,,,,,,,,,,,,,,,,,,,,,,,,,,,,,,,,,,,,,,,,,,,,,,,,,,,,,,,,,,,,,,,,,,,,,,,,,,,,,,,,,,,,,,,,,,,,,,,,,
,,,,,,60eb274540d8358b70fdbb1d,62c538bf54f3a38dea76a902,2022-07-06_09h34.23.132,Colour_Asymmetry_Pilot,2022.1.3,Win32,57.43495491,62c50e9c1127f2cd403a315f,0,115,115,70,1,fourtwo,,,,,,,,,,,,,,,,,,,,,,,,,,,,,,,,,,,,,,,,,,,,,,,,,,,,,,,,,,,,,,,,,,,,,,,,,,,,,,,,,,,,,,,,,,,,,,,,,,,,,,,,,,,,,,,,,,,,,,,,,,,,,,,,,,,,,,,,,,,,,,,,,,,,,,,,,,,,,
,,,,,,60eb274540d8358b70fdbb1d,62c538bf54f3a38dea76a902,2022-07-06_09h34.23.132,Colour_Asymmetry_Pilot,2022.1.3,Win32,57.43495491,62c50e9c1127f2cd403a315f,0,116,116,59,1,twofour,,,,,,,,,,,,,,,,,,,,,,,,,,,,,,,,,,,,,,,,,,,,,,,,,,,,,,,,,,,,,,,,,,,,,,,,,,,,,,,,,,,,,,,,,,,,,,,,,,,,,,,,,,,,,,,,,,,,,,,,,,,,,,,,,,,,,,,,,,,,,,,,,,,,,,,,,,,,,
,,,,,,60eb274540d8358b70fdbb1d,62c538bf54f3a38dea76a902,2022-07-06_09h34.23.132,Colour_Asymmetry_Pilot,2022.1.3,Win32,57.43495491,62c50e9c1127f2cd403a315f,0,117,117,25,1,onethree,,,,,,,,,,,,,,,,,,,,,,,,,,,,,,,,,,,,,,,,,,,,,,,,,,,,,,,,,,,,,,,,,,,,,,,,,,,,,,,,,,,,,,,,,,,,,,,,,,,,,,,,,,,,,,,,,,,,,,,,,,,,,,,,,,,,,,,,,,,,,,,,,,,,,,,,,,,,,
,,,,,,60eb274540d8358b70fdbb1d,62c538bf54f3a38dea76a902,2022-07-06_09h34.23.132,Colour_Asymmetry_Pilot,2022.1.3,Win32,57.43495491,62c50e9c1127f2cd403a315f,0,118,118,26,1,twoone,,,,,,,,,,,,,,,,,,,,,,,,,,,,,,,,,,,,,,,,,,,,,,,,,,,,,,,,,,,,,,,,,,,,,,,,,,,,,,,,,,,,,,,,,,,,,,,,,,,,,,,,,,,,,,,,,,,,,,,,,,,,,,,,,,,,,,,,,,,,,,,,,,,,,,,,,,,,,
,,,,,,60eb274540d8358b70fdbb1d,62c538bf54f3a38dea76a902,2022-07-06_09h34.23.132,Colour_Asymmetry_Pilot,2022.1.3,Win32,57.43495491,62c50e9c1127f2cd403a315f,0,119,119,58,1,twoone,,,,,,,,,,,,,,,,,,,,,,,,,,,,,,,,,,,,,,,,,,,,,,,,,,,,,,,,,,,,,,,,,,,,,,,,,,,,,,,,,,,,,,,,,,,,,,,,,,,,,,,,,,,,,,,,,,,,,,,,,,,,,,,,,,,,,,,,,,,,,,,,,,,,,,,,,,,,,
,,,,,,60eb274540d8358b70fdbb1d,62c538bf54f3a38dea76a902,2022-07-06_09h34.23.132,Colour_Asymmetry_Pilot,2022.1.3,Win32,57.43495491,62c50e9c1127f2cd403a315f,0,120,120,51,1,twofour,,,,,,,,,,,,,,,,,,,,,,,,,,,,,,,,,,,,,,,,,,,,,,,,,,,,,,,,,,,,,,,,,,,,,,,,,,,,,,,,,,,,,,,,,,,,,,,,,,,,,,,,,,,,,,,,,,,,,,,,,,,,,,,,,,,,,,,,,,,,,,,,,,,,,,,,,,,,,
,,,,,,60eb274540d8358b70fdbb1d,62c538bf54f3a38dea76a902,2022-07-06_09h34.23.132,Colour_Asymmetry_Pilot,2022.1.3,Win32,57.43495491,62c50e9c1127f2cd403a315f,0,121,121,132,1,threeone,,,,,,,,,,,,,,,,,,,,,,,,,,,,,,,,,,,,,,,,,,,,,,,,,,,,,,,,,,,,,,,,,,,,,,,,,,,,,,,,,,,,,,,,,,,,,,,,,,,,,,,,,,,,,,,,,,,,,,,,,,,,,,,,,,,,,,,,,,,,,,,,,,,,,,,,,,,,,
,,,,,,60eb274540d8358b70fdbb1d,62c538bf54f3a38dea76a902,2022-07-06_09h34.23.132,Colour_Asymmetry_Pilot,2022.1.3,Win32,57.43495491,62c50e9c1127f2cd403a315f,0,122,122,12,1,threeone,,,,,,,,,,,,,,,,,,,,,,,,,,,,,,,,,,,,,,,,,,,,,,,,,,,,,,,,,,,,,,,,,,,,,,,,,,,,,,,,,,,,,,,,,,,,,,,,,,,,,,,,,,,,,,,,,,,,,,,,,,,,,,,,,,,,,,,,,,,,,,,,,,,,,,,,,,,,,
,,,,,,60eb274540d8358b70fdbb1d,62c538bf54f3a38dea76a902,2022-07-06_09h34.23.132,Colour_Asymmetry_Pilot,2022.1.3,Win32,57.43495491,62c50e9c1127f2cd403a315f,0,123,123,76,1,threeone,,,,,,,,,,,,,,,,,,,,,,,,,,,,,,,,,,,,,,,,,,,,,,,,,,,,,,,,,,,,,,,,,,,,,,,,,,,,,,,,,,,,,,,,,,,,,,,,,,,,,,,,,,,,,,,,,,,,,,,,,,,,,,,,,,,,,,,,,,,,,,,,,,,,,,,,,,,,,
,,,,,,60eb274540d8358b70fdbb1d,62c538bf54f3a38dea76a902,2022-07-06_09h34.23.132,Colour_Asymmetry_Pilot,2022.1.3,Win32,57.43495491,62c50e9c1127f2cd403a315f,0,124,124,15,1,fourthree,,,,,,,,,,,,,,,,,,,,,,,,,,,,,,,,,,,,,,,,,,,,,,,,,,,,,,,,,,,,,,,,,,,,,,,,,,,,,,,,,,,,,,,,,,,,,,,,,,,,,,,,,,,,,,,,,,,,,,,,,,,,,,,,,,,,,,,,,,,,,,,,,,,,,,,,,,,,,
,,,,,,60eb274540d8358b70fdbb1d,62c538bf54f3a38dea76a902,2022-07-06_09h34.23.132,Colour_Asymmetry_Pilot,2022.1.3,Win32,57.43495491,62c50e9c1127f2cd403a315f,0,125,125,17,1,onethree,,,,,,,,,,,,,,,,,,,,,,,,,,,,,,,,,,,,,,,,,,,,,,,,,,,,,,,,,,,,,,,,,,,,,,,,,,,,,,,,,,,,,,,,,,,,,,,,,,,,,,,,,,,,,,,,,,,,,,,,,,,,,,,,,,,,,,,,,,,,,,,,,,,,,,,,,,,,,
,,,,,,60eb274540d8358b70fdbb1d,62c538bf54f3a38dea76a902,2022-07-06_09h34.23.132,Colour_Asymmetry_Pilot,2022.1.3,Win32,57.43495491,62c50e9c1127f2cd403a315f,0,126,126,90,1,twoone,,,,,,,,,,,,,,,,,,,,,,,,,,,,,,,,,,,,,,,,,,,,,,,,,,,,,,,,,,,,,,,,,,,,,,,,,,,,,,,,,,,,,,,,,,,,,,,,,,,,,,,,,,,,,,,,,,,,,,,,,,,,,,,,,,,,,,,,,,,,,,,,,,,,,,,,,,,,,
,,,,,,60eb274540d8358b70fdbb1d,62c538bf54f3a38dea76a902,2022-07-06_09h34.23.132,Colour_Asymmetry_Pilot,2022.1.3,Win32,57.43495491,62c50e9c1127f2cd403a315f,0,127,127,82,1,twoone,,,,,,,,,,,,,,,,,,,,,,,,,,,,,,,,,,,,,,,,,,,,,,,,,,,,,,,,,,,,,,,,,,,,,,,,,,,,,,,,,,,,,,,,,,,,,,,,,,,,,,,,,,,,,,,,,,,,,,,,,,,,,,,,,,,,,,,,,,,,,,,,,,,,,,,,,,,,,
,,,,,,60eb274540d8358b70fdbb1d,62c538bf54f3a38dea76a902,2022-07-06_09h34.23.132,Colour_Asymmetry_Pilot,2022.1.3,Win32,57.43495491,62c50e9c1127f2cd403a315f,0,128,128,10,1,twoone,,,,,,,,,,,,,,,,,,,,,,,,,,,,,,,,,,,,,,,,,,,,,,,,,,,,,,,,,,,,,,,,,,,,,,,,,,,,,,,,,,,,,,,,,,,,,,,,,,,,,,,,,,,,,,,,,,,,,,,,,,,,,,,,,,,,,,,,,,,,,,,,,,,,,,,,,,,,,
,,,,,,60eb274540d8358b70fdbb1d,62c538bf54f3a38dea76a902,2022-07-06_09h34.23.132,Colour_Asymmetry_Pilot,2022.1.3,Win32,57.43495491,62c50e9c1127f2cd403a315f,0,129,129,9,1,onethree,,,,,,,,,,,,,,,,,,,,,,,,,,,,,,,,,,,,,,,,,,,,,,,,,,,,,,,,,,,,,,,,,,,,,,,,,,,,,,,,,,,,,,,,,,,,,,,,,,,,,,,,,,,,,,,,,,,,,,,,,,,,,,,,,,,,,,,,,,,,,,,,,,,,,,,,,,,,,
,,,,,,60eb274540d8358b70fdbb1d,62c538bf54f3a38dea76a902,2022-07-06_09h34.23.132,Colour_Asymmetry_Pilot,2022.1.3,Win32,57.43495491,62c50e9c1127f2cd403a315f,0,130,130,117,1,threefour,,,,,,,,,,,,,,,,,,,,,,,,,,,,,,,,,,,,,,,,,,,,,,,,,,,,,,,,,,,,,,,,,,,,,,,,,,,,,,,,,,,,,,,,,,,,,,,,,,,,,,,,,,,,,,,,,,,,,,,,,,,,,,,,,,,,,,,,,,,,,,,,,,,,,,,,,,,,,
,,,,,,60eb274540d8358b70fdbb1d,62c538bf54f3a38dea76a902,2022-07-06_09h34.23.132,Colour_Asymmetry_Pilot,2022.1.3,Win32,57.43495491,62c50e9c1127f2cd403a315f,0,131,131,110,1,fourtwo,,,,,,,,,,,,,,,,,,,,,,,,,,,,,,,,,,,,,,,,,,,,,,,,,,,,,,,,,,,,,,,,,,,,,,,,,,,,,,,,,,,,,,,,,,,,,,,,,,,,,,,,,,,,,,,,,,,,,,,,,,,,,,,,,,,,,,,,,,,,,,,,,,,,,,,,,,,,,
,,,,,,60eb274540d8358b70fdbb1d,62c538bf54f3a38dea76a902,2022-07-06_09h34.23.132,Colour_Asymmetry_Pilot,2022.1.3,Win32,57.43495491,62c50e9c1127f2cd403a315f,0,132,132,78,1,fourtwo,,,,,,,,,,,,,,,,,,,,,,,,,,,,,,,,,,,,,,,,,,,,,,,,,,,,,,,,,,,,,,,,,,,,,,,,,,,,,,,,,,,,,,,,,,,,,,,,,,,,,,,,,,,,,,,,,,,,,,,,,,,,,,,,,,,,,,,,,,,,,,,,,,,,,,,,,,,,,
,,,,,,60eb274540d8358b70fdbb1d,62c538bf54f3a38dea76a902,2022-07-06_09h34.23.132,Colour_Asymmetry_Pilot,2022.1.3,Win32,57.43495491,62c50e9c1127f2cd403a315f,0,133,133,87,1,fourthree,,,,,,,,,,,,,,,,,,,,,,,,,,,,,,,,,,,,,,,,,,,,,,,,,,,,,,,,,,,,,,,,,,,,,,,,,,,,,,,,,,,,,,,,,,,,,,,,,,,,,,,,,,,,,,,,,,,,,,,,,,,,,,,,,,,,,,,,,,,,,,,,,,,,,,,,,,,,,
,,,,,,60eb274540d8358b70fdbb1d,62c538bf54f3a38dea76a902,2022-07-06_09h34.23.132,Colour_Asymmetry_Pilot,2022.1.3,Win32,57.43495491,62c50e9c1127f2cd403a315f,0,134,134,27,1,twofour,,,,,,,,,,,,,,,,,,,,,,,,,,,,,,,,,,,,,,,,,,,,,,,,,,,,,,,,,,,,,,,,,,,,,,,,,,,,,,,,,,,,,,,,,,,,,,,,,,,,,,,,,,,,,,,,,,,,,,,,,,,,,,,,,,,,,,,,,,,,,,,,,,,,,,,,,,,,,
,,,,,,60eb274540d8358b70fdbb1d,62c538bf54f3a38dea76a902,2022-07-06_09h34.23.132,Colour_Asymmetry_Pilot,2022.1.3,Win32,57.43495491,62c50e9c1127f2cd403a315f,0,135,135,113,1,onethree,,,,,,,,,,,,,,,,,,,,,,,,,,,,,,,,,,,,,,,,,,,,,,,,,,,,,,,,,,,,,,,,,,,,,,,,,,,,,,,,,,,,,,,,,,,,,,,,,,,,,,,,,,,,,,,,,,,,,,,,,,,,,,,,,,,,,,,,,,,,,,,,,,,,,,,,,,,,,
,,,,,,60eb274540d8358b70fdbb1d,62c538bf54f3a38dea76a902,2022-07-06_09h34.23.132,Colour_Asymmetry_Pilot,2022.1.3,Win32,57.43495491,62c50e9c1127f2cd403a315f,0,136,136,139,1,twofour,,,,,,,,,,,,,,,,,,,,,,,,,,,,,,,,,,,,,,,,,,,,,,,,,,,,,,,,,,,,,,,,,,,,,,,,,,,,,,,,,,,,,,,,,,,,,,,,,,,,,,,,,,,,,,,,,,,,,,,,,,,,,,,,,,,,,,,,,,,,,,,,,,,,,,,,,,,,,
,,,,,,60eb274540d8358b70fdbb1d,62c538bf54f3a38dea76a902,2022-07-06_09h34.23.132,Colour_Asymmetry_Pilot,2022.1.3,Win32,57.43495491,62c50e9c1127f2cd403a315f,0,137,137,146,1,twoone,,,,,,,,,,,,,,,,,,,,,,,,,,,,,,,,,,,,,,,,,,,,,,,,,,,,,,,,,,,,,,,,,,,,,,,,,,,,,,,,,,,,,,,,,,,,,,,,,,,,,,,,,,,,,,,,,,,,,,,,,,,,,,,,,,,,,,,,,,,,,,,,,,,,,,,,,,,,,
,,,,,,60eb274540d8358b70fdbb1d,62c538bf54f3a38dea76a902,2022-07-06_09h34.23.132,Colour_Asymmetry_Pilot,2022.1.3,Win32,57.43495491,62c50e9c1127f2cd403a315f,0,138,138,6,1,fourtwo,,,,,,,,,,,,,,,,,,,,,,,,,,,,,,,,,,,,,,,,,,,,,,,,,,,,,,,,,,,,,,,,,,,,,,,,,,,,,,,,,,,,,,,,,,,,,,,,,,,,,,,,,,,,,,,,,,,,,,,,,,,,,,,,,,,,,,,,,,,,,,,,,,,,,,,,,,,,,
,,,,,,60eb274540d8358b70fdbb1d,62c538bf54f3a38dea76a902,2022-07-06_09h34.23.132,Colour_Asymmetry_Pilot,2022.1.3,Win32,57.43495491,62c50e9c1127f2cd403a315f,0,139,139,44,1,threeone,,,,,,,,,,,,,,,,,,,,,,,,,,,,,,,,,,,,,,,,,,,,,,,,,,,,,,,,,,,,,,,,,,,,,,,,,,,,,,,,,,,,,,,,,,,,,,,,,,,,,,,,,,,,,,,,,,,,,,,,,,,,,,,,,,,,,,,,,,,,,,,,,,,,,,,,,,,,,
,,,,,,60eb274540d8358b70fdbb1d,62c538bf54f3a38dea76a902,2022-07-06_09h34.23.132,Colour_Asymmetry_Pilot,2022.1.3,Win32,57.43495491,62c50e9c1127f2cd403a315f,0,140,140,84,1,threeone,,,,,,,,,,,,,,,,,,,,,,,,,,,,,,,,,,,,,,,,,,,,,,,,,,,,,,,,,,,,,,,,,,,,,,,,,,,,,,,,,,,,,,,,,,,,,,,,,,,,,,,,,,,,,,,,,,,,,,,,,,,,,,,,,,,,,,,,,,,,,,,,,,,,,,,,,,,,,
,,,,,,60eb274540d8358b70fdbb1d,62c538bf54f3a38dea76a902,2022-07-06_09h34.23.132,Colour_Asymmetry_Pilot,2022.1.3,Win32,57.43495491,62c50e9c1127f2cd403a315f,0,141,141,92,1,threeone,,,,,,,,,,,,,,,,,,,,,,,,,,,,,,,,,,,,,,,,,,,,,,,,,,,,,,,,,,,,,,,,,,,,,,,,,,,,,,,,,,,,,,,,,,,,,,,,,,,,,,,,,,,,,,,,,,,,,,,,,,,,,,,,,,,,,,,,,,,,,,,,,,,,,,,,,,,,,
,,,,,,60eb274540d8358b70fdbb1d,62c538bf54f3a38dea76a902,2022-07-06_09h34.23.132,Colour_Asymmetry_Pilot,2022.1.3,Win32,57.43495491,62c50e9c1127f2cd403a315f,0,142,142,161,1,onethree,,,,,,,,,,,,,,,,,,,,,,,,,,,,,,,,,,,,,,,,,,,,,,,,,,,,,,,,,,,,,,,,,,,,,,,,,,,,,,,,,,,,,,,,,,,,,,,,,,,,,,,,,,,,,,,,,,,,,,,,,,,,,,,,,,,,,,,,,,,,,,,,,,,,,,,,,,,,,
,,,,,,60eb274540d8358b70fdbb1d,62c538bf54f3a38dea76a902,2022-07-06_09h34.23.132,Colour_Asymmetry_Pilot,2022.1.3,Win32,57.43495491,62c50e9c1127f2cd403a315f,0,143,143,1,1,onethree,,,,,,,,,,,,,,,,,,,,,,,,,,,,,,,,,,,,,,,,,,,,,,,,,,,,,,,,,,,,,,,,,,,,,,,,,,,,,,,,,,,,,,,,,,,,,,,,,,,,,,,,,,,,,,,,,,,,,,,,,,,,,,,,,,,,,,,,,,,,,,,,,,,,,,,,,,,,,
,,,,,,60eb274540d8358b70fdbb1d,62c538bf54f3a38dea76a902,2022-07-06_09h34.23.132,Colour_Asymmetry_Pilot,2022.1.3,Win32,57.43495491,62c50e9c1127f2cd403a315f,0,144,144,118,1,fourtwo,,,,,,,,,,,,,,,,,,,,,,,,,,,,,,,,,,,,,,,,,,,,,,,,,,,,,,,,,,,,,,,,,,,,,,,,,,,,,,,,,,,,,,,,,,,,,,,,,,,,,,,,,,,,,,,,,,,,,,,,,,,,,,,,,,,,,,,,,,,,,,,,,,,,,,,,,,,,,
,,,,,,60eb274540d8358b70fdbb1d,62c538bf54f3a38dea76a902,2022-07-06_09h34.23.132,Colour_Asymmetry_Pilot,2022.1.3,Win32,57.43495491,62c50e9c1127f2cd403a315f,0,145,145,66,1,twoone,,,,,,,,,,,,,,,,,,,,,,,,,,,,,,,,,,,,,,,,,,,,,,,,,,,,,,,,,,,,,,,,,,,,,,,,,,,,,,,,,,,,,,,,,,,,,,,,,,,,,,,,,,,,,,,,,,,,,,,,,,,,,,,,,,,,,,,,,,,,,,,,,,,,,,,,,,,,,
,,,,,,60eb274540d8358b70fdbb1d,62c538bf54f3a38dea76a902,2022-07-06_09h34.23.132,Colour_Asymmetry_Pilot,2022.1.3,Win32,57.43495491,62c50e9c1127f2cd403a315f,0,146,146,48,1,onetwo,,,,,,,,,,,,,,,,,,,,,,,,,,,,,,,,,,,,,,,,,,,,,,,,,,,,,,,,,,,,,,,,,,,,,,,,,,,,,,,,,,,,,,,,,,,,,,,,,,,,,,,,,,,,,,,,,,,,,,,,,,,,,,,,,,,,,,,,,,,,,,,,,,,,,,,,,,,,,
,,,,,,60eb274540d8358b70fdbb1d,62c538bf54f3a38dea76a902,2022-07-06_09h34.23.132,Colour_Asymmetry_Pilot,2022.1.3,Win32,57.43495491,62c50e9c1127f2cd403a315f,0,147,147,99,1,twofour,,,,,,,,,,,,,,,,,,,,,,,,,,,,,,,,,,,,,,,,,,,,,,,,,,,,,,,,,,,,,,,,,,,,,,,,,,,,,,,,,,,,,,,,,,,,,,,,,,,,,,,,,,,,,,,,,,,,,,,,,,,,,,,,,,,,,,,,,,,,,,,,,,,,,,,,,,,,,
,,,,,,60eb274540d8358b70fdbb1d,62c538bf54f3a38dea76a902,2022-07-06_09h34.23.132,Colour_Asymmetry_Pilot,2022.1.3,Win32,57.43495491,62c50e9c1127f2cd403a315f,0,148,148,14,1,fourtwo,,,,,,,,,,,,,,,,,,,,,,,,,,,,,,,,,,,,,,,,,,,,,,,,,,,,,,,,,,,,,,,,,,,,,,,,,,,,,,,,,,,,,,,,,,,,,,,,,,,,,,,,,,,,,,,,,,,,,,,,,,,,,,,,,,,,,,,,,,,,,,,,,,,,,,,,,,,,,
,,,,,,60eb274540d8358b70fdbb1d,62c538bf54f3a38dea76a902,2022-07-06_09h34.23.132,Colour_Asymmetry_Pilot,2022.1.3,Win32,57.43495491,62c50e9c1127f2cd403a315f,0,149,149,11,1,twofour,,,,,,,,,,,,,,,,,,,,,,,,,,,,,,,,,,,,,,,,,,,,,,,,,,,,,,,,,,,,,,,,,,,,,,,,,,,,,,,,,,,,,,,,,,,,,,,,,,,,,,,,,,,,,,,,,,,,,,,,,,,,,,,,,,,,,,,,,,,,,,,,,,,,,,,,,,,,,
,,,,,,60eb274540d8358b70fdbb1d,62c538bf54f3a38dea76a902,2022-07-06_09h34.23.132,Colour_Asymmetry_Pilot,2022.1.3,Win32,57.43495491,62c50e9c1127f2cd403a315f,0,150,150,105,1,onethree,,,,,,,,,,,,,,,,,,,,,,,,,,,,,,,,,,,,,,,,,,,,,,,,,,,,,,,,,,,,,,,,,,,,,,,,,,,,,,,,,,,,,,,,,,,,,,,,,,,,,,,,,,,,,,,,,,,,,,,,,,,,,,,,,,,,,,,,,,,,,,,,,,,,,,,,,,,,,
,,,,,,60eb274540d8358b70fdbb1d,62c538bf54f3a38dea76a902,2022-07-06_09h34.23.132,Colour_Asymmetry_Pilot,2022.1.3,Win32,57.43495491,62c50e9c1127f2cd403a315f,0,151,151,88,1,onetwo,,,,,,,,,,,,,,,,,,,,,,,,,,,,,,,,,,,,,,,,,,,,,,,,,,,,,,,,,,,,,,,,,,,,,,,,,,,,,,,,,,,,,,,,,,,,,,,,,,,,,,,,,,,,,,,,,,,,,,,,,,,,,,,,,,,,,,,,,,,,,,,,,,,,,,,,,,,,,
,,,,,,60eb274540d8358b70fdbb1d,62c538bf54f3a38dea76a902,2022-07-06_09h34.23.132,Colour_Asymmetry_Pilot,2022.1.3,Win32,57.43495491,62c50e9c1127f2cd403a315f,0,152,152,16,1,onetwo,,,,,,,,,,,,,,,,,,,,,,,,,,,,,,,,,,,,,,,,,,,,,,,,,,,,,,,,,,,,,,,,,,,,,,,,,,,,,,,,,,,,,,,,,,,,,,,,,,,,,,,,,,,,,,,,,,,,,,,,,,,,,,,,,,,,,,,,,,,,,,,,,,,,,,,,,,,,,
,,,,,,60eb274540d8358b70fdbb1d,62c538bf54f3a38dea76a902,2022-07-06_09h34.23.132,Colour_Asymmetry_Pilot,2022.1.3,Win32,57.43495491,62c50e9c1127f2cd403a315f,0,153,153,126,1,fourtwo,,,,,,,,,,,,,,,,,,,,,,,,,,,,,,,,,,,,,,,,,,,,,,,,,,,,,,,,,,,,,,,,,,,,,,,,,,,,,,,,,,,,,,,,,,,,,,,,,,,,,,,,,,,,,,,,,,,,,,,,,,,,,,,,,,,,,,,,,,,,,,,,,,,,,,,,,,,,,
,,,,,,60eb274540d8358b70fdbb1d,62c538bf54f3a38dea76a902,2022-07-06_09h34.23.132,Colour_Asymmetry_Pilot,2022.1.3,Win32,57.43495491,62c50e9c1127f2cd403a315f,0,154,154,80,1,onetwo,,,,,,,,,,,,,,,,,,,,,,,,,,,,,,,,,,,,,,,,,,,,,,,,,,,,,,,,,,,,,,,,,,,,,,,,,,,,,,,,,,,,,,,,,,,,,,,,,,,,,,,,,,,,,,,,,,,,,,,,,,,,,,,,,,,,,,,,,,,,,,,,,,,,,,,,,,,,,
,,,,,,60eb274540d8358b70fdbb1d,62c538bf54f3a38dea76a902,2022-07-06_09h34.23.132,Colour_Asymmetry_Pilot,2022.1.3,Win32,57.43495491,62c50e9c1127f2cd403a315f,0,155,155,62,1,fourtwo,,,,,,,,,,,,,,,,,,,,,,,,,,,,,,,,,,,,,,,,,,,,,,,,,,,,,,,,,,,,,,,,,,,,,,,,,,,,,,,,,,,,,,,,,,,,,,,,,,,,,,,,,,,,,,,,,,,,,,,,,,,,,,,,,,,,,,,,,,,,,,,,,,,,,,,,,,,,,
,,,,,,60eb274540d8358b70fdbb1d,62c538bf54f3a38dea76a902,2022-07-06_09h34.23.132,Colour_Asymmetry_Pilot,2022.1.3,Win32,57.43495491,62c50e9c1127f2cd403a315f,0,156,156,142,1,fourtwo,,,,,,,,,,,,,,,,,,,,,,,,,,,,,,,,,,,,,,,,,,,,,,,,,,,,,,,,,,,,,,,,,,,,,,,,,,,,,,,,,,,,,,,,,,,,,,,,,,,,,,,,,,,,,,,,,,,,,,,,,,,,,,,,,,,,,,,,,,,,,,,,,,,,,,,,,,,,,
,,,,,,60eb274540d8358b70fdbb1d,62c538bf54f3a38dea76a902,2022-07-06_09h34.23.132,Colour_Asymmetry_Pilot,2022.1.3,Win32,57.43495491,62c50e9c1127f2cd403a315f,0,157,157,149,1,threefour,,,,,,,,,,,,,,,,,,,,,,,,,,,,,,,,,,,,,,,,,,,,,,,,,,,,,,,,,,,,,,,,,,,,,,,,,,,,,,,,,,,,,,,,,,,,,,,,,,,,,,,,,,,,,,,,,,,,,,,,,,,,,,,,,,,,,,,,,,,,,,,,,,,,,,,,,,,,,
,,,,,,60eb274540d8358b70fdbb1d,62c538bf54f3a38dea76a902,2022-07-06_09h34.23.132,Colour_Asymmetry_Pilot,2022.1.3,Win32,57.43495491,62c50e9c1127f2cd403a315f,0,158,158,67,1,twofour,,,,,,,,,,,,,,,,,,,,,,,,,,,,,,,,,,,,,,,,,,,,,,,,,,,,,,,,,,,,,,,,,,,,,,,,,,,,,,,,,,,,,,,,,,,,,,,,,,,,,,,,,,,,,,,,,,,,,,,,,,,,,,,,,,,,,,,,,,,,,,,,,,,,,,,,,,,,,
,,,,,,60eb274540d8358b70fdbb1d,62c538bf54f3a38dea76a902,2022-07-06_09h34.23.132,Colour_Asymmetry_Pilot,2022.1.3,Win32,57.43495491,62c50e9c1127f2cd403a315f,0,159,159,30,1,fourtwo,,,,,,,,,,,,,,,,,,,,,,,,,,,,,,,,,,,,,,,,,,,,,,,,,,,,,,,,,,,,,,,,,,,,,,,,,,,,,,,,,,,,,,,,,,,,,,,,,,,,,,,,,,,,,,,,,,,,,,,,,,,,,,,,,,,,,,,,,,,,,,,,,,,,,,,,,,,,,
,,,,,,60eb274540d8358b70fdbb1d,62c538bf54f3a38dea76a902,2022-07-06_09h34.23.132,Colour_Asymmetry_Pilot,2022.1.3,Win32,57.43495491,62c50e9c1127f2cd403a315f,0,160,160,54,1,fourtwo,,,,,,,,,,,,,,,,,,,,,,,,,,,,,,,,,,,,,,,,,,,,,,,,,,,,,,,,,,,,,,,,,,,,,,,,,,,,,,,,,,,,,,,,,,,,,,,,,,,,,,,,,,,,,,,,,,,,,,,,,,,,,,,,,,,,,,,,,,,,,,,,,,,,,,,,,,,,,
,,,,,,60eb274540d8358b70fdbb1d,62c538bf54f3a38dea76a902,2022-07-06_09h34.23.132,Colour_Asymmetry_Pilot,2022.1.3,Win32,57.43495491,62c50e9c1127f2cd403a315f,0,161,161,158,1,fourtwo,,,,,,,,,,,,,,,,,,,,,,,,,,,,,,,,,,,,,,,,,,,,,,,,,,,,,,,,,,,,,,,,,,,,,,,,,,,,,,,,,,,,,,,,,,,,,,,,,,,,,,,,,,,,,,,,,,,,,,,,,,,,,,,,,,,,,,,,,,,,,,,,,,,,,,,,,,,,,
,,,,,,60eb274540d8358b70fdbb1d,62c538bf54f3a38dea76a902,2022-07-06_09h34.23.132,Colour_Asymmetry_Pilot,2022.1.3,Win32,57.43495491,62c50e9c1127f2cd403a315f,,,,,,,space,8.736700001,space,4.941799999,space,39.9277,space,15.7984,space,4.396199999,space,5.014300001,"[-0.45899999999999996,-0.3256,-0.9374]",fourthree,"[0.23120000000000007,-0.7726,-0.34120000000000006]",-1,27.6355,-46,-104,1,0,0,response5disk_5,3,4,1,0,0,rectangle_8,3,4,1,0,0,2,3,4,1,0,0,0,0,0,0,1,,,,,,,,,,,,,,,,,,,,,,,,,,,,,,,,,,,,,,,,,,,,,,,,,,,,,,,,,,,,,,,,,,,,,,,,,,,,,,,,,,,,,,,,,,,,,,,,,,,,,,,,,,,,,,,,
,,,,,,60eb274540d8358b70fdbb1d,62c538bf54f3a38dea76a902,2022-07-06_09h34.23.132,Colour_Asymmetry_Pilot,2022.1.3,Win32,57.43495491,62c50e9c1127f2cd403a315f,,,,,,,,,,,,,,,,,,,"[-0.38039999999999996,-0.4276,-0.1452]",onetwo,"[0.37240000000000006,0.4980000000000002,-0.2864]",-1,1.998800001,-38,-72,1,0,0,response5disk_5,8,7,1,0,0,rectangle_8,8,7,1,0,0,2,8,7,1,0,0,1,0,1,0,1,,,,,,,,,,,,,,,,,,,,,,,,,,,,,,,,,,,,,,,,,,,,,,,,,,,,,,,,,,,,,,,,,,,,,,,,,,,,,,,,,,,,,,,,,,,,,,,,,,,,,,,,,,,,,,,,
,,,,,,60eb274540d8358b70fdbb1d,62c538bf54f3a38dea76a902,2022-07-06_09h34.23.132,Colour_Asymmetry_Pilot,2022.1.3,Win32,57.43495491,62c50e9c1127f2cd403a315f,,,,,,,,,,,,,,,,,,,"[-0.9844,-0.9688,-0.9922]",twoone,"[-0.4276,0.0038000000000000256,-0.3256]",-1,1.585900002,-42,-81,1,0,0,response5disk_5,7,3,1,0,0,rectangle_8,69,-41,1,0,0,2,-8,-1,1,0,0,2,0,2,0,1,response3disk_7,5,rectangle_4,,,,,,,,,,,,,,,,,,,,,,,,,,,,,,,,,,,,,,,,,,,,,,,,,,,,,,,,,,,,,,,,,,,,,,,,,,,,,,,,,,,,,,,,,,,,,,,,,,,,,,,,,,,,,
,,,,,,60eb274540d8358b70fdbb1d,62c538bf54f3a38dea76a902,2022-07-06_09h34.23.132,Colour_Asymmetry_Pilot,2022.1.3,Win32,57.43495491,62c50e9c1127f2cd403a315f,,,,,,,,,,,,,,,,,,,"[0.0351999999999999,0.41159999999999997,0.0038000000000000256]",onetwo,"[-0.26280000000000003,-0.2158,-0.3256]",-4,1.887300001,-34,61,1,0,0,response7disk_5,-3,5,1,0,0,rectangle_8,-3,5,1,0,0,2,-3,5,1,0,0,3,0,3,0,1,,,,,,,,,,,,,,,,,,,,,,,,,,,,,,,,,,,,,,,,,,,,,,,,,,,,,,,,,,,,,,,,,,,,,,,,,,,,,,,,,,,,,,,,,,,,,,,,,,,,,,,,,,,,,,,,
,,,,,,60eb274540d8358b70fdbb1d,62c538bf54f3a38dea76a902,2022-07-06_09h34.23.132,Colour_Asymmetry_Pilot,2022.1.3,Win32,57.43495491,62c50e9c1127f2cd403a315f,,,,,,,,,,,,,,,,,,,"[0.9213999999999998,0.6391999999999998,-0.9922]",fourthree,"[0.09799999999999986,-0.24719999999999998,0.15280000000000005]",-4,1.623299999,-32,83,1,0,0,response7disk_5,-8,-4,1,0,0,rectangle_8,99,-35,1,0,0,2,-6,-4,1,0,0,4,0,4,0,1,response3disk_7,5,rectangle_4,,,,,,,,,,,,,,,,,,,,,,,,,,,,,,,,,,,,,,,,,,,,,,,,,,,,,,,,,,,,,,,,,,,,,,,,,,,,,,,,,,,,,,,,,,,,,,,,,,,,,,,,,,,,,
,,,,,,60eb274540d8358b70fdbb1d,62c538bf54f3a38dea76a902,2022-07-06_09h34.23.132,Colour_Asymmetry_Pilot,2022.1.3,Win32,57.43495491,62c50e9c1127f2cd403a315f,,,,,,,,,,,,,,,,,,,"[-0.4668,-0.8746,-0.2942]",onetwo,"[0.7018,0.7176,0.6155999999999999]",-1,1.9706,-39,-61,1,0,0,response5disk_5,-1,-2,1,0,0,rectangle_8,-1,-2,1,0,0,2,-1,-2,1,0,0,5,0,5,0,1,,,,,,,,,,,,,,,,,,,,,,,,,,,,,,,,,,,,,,,,,,,,,,,,,,,,,,,,,,,,,,,,,,,,,,,,,,,,,,,,,,,,,,,,,,,,,,,,,,,,,,,,,,,,,,,,
,,,,,,60eb274540d8358b70fdbb1d,62c538bf54f3a38dea76a902,2022-07-06_09h34.23.132,Colour_Asymmetry_Pilot,2022.1.3,Win32,57.43495491,62c50e9c1127f2cd403a315f,,,,,,,,,,,,,,,,,,,"[0.40379999999999994,0.09000000000000008,0.44300000000000006]",fourthree,"[-0.26280000000000003,-0.2158,-0.3256]",3,1.976199999,104,29,1,0,0,response1disk_5,-8,4,1,0,0,rectangle_8,-8,4,1,0,0,2,-8,4,1,0,0,6,0,6,0,1,,,,,,,,,,,,,,,,,,,,,,,,,,,,,,,,,,,,,,,,,,,,,,,,,,,,,,,,,,,,,,,,,,,,,,,,,,,,,,,,,,,,,,,,,,,,,,,,,,,,,,,,,,,,,,,,
,,,,,,60eb274540d8358b70fdbb1d,62c538bf54f3a38dea76a902,2022-07-06_09h34.23.132,Colour_Asymmetry_Pilot,2022.1.3,Win32,57.43495491,62c50e9c1127f2cd403a315f,,,,,,,,,,,,,,,,,,,,onetwo,,2,2.0491,,,,,,,,,,,,,,,,,,,,,,,,,,,,,,,,space,8.9771,"[-0.9766,-0.34920000000000007,0.2156]","[-0.8118,-0.8198,-0.5452]",111,-36,1,0,0,response3disk,4,0,1,0,0,rectangle,4,0,1,0,0,,3,0.003299999,0,4,0,1,0,0,0,0,0,45,1,45,first,,,,,,,,,,,,,,,,,,,,,,,,,,,,,,,,,,,,,,,,,,,,,,,,,,,,,,,,,,,,,,,,,,,,,,,,
,,,,,,60eb274540d8358b70fdbb1d,62c538bf54f3a38dea76a902,2022-07-06_09h34.23.132,Colour_Asymmetry_Pilot,2022.1.3,Win32,57.43495491,62c50e9c1127f2cd403a315f,,,,,,,,,,,,,,,,,,,,twofour,,3,2.033599998,,,,,,,,,,,,,,,,,,,,,,,,,,,,,,,,,,"[-0.5452,-0.608,0.2470000000000001]","[-0.17659999999999998,0.3253999999999999,0.19999999999999996]",78,55,1,0,0,response1disk,3,-6,1,0,0,rectangle,84,-45,1,0,0,2,2,2.6539,1,5,2,1,0,0,0,1,1,159,1,78,second,response3disk_3,rectangle,,,,,,,,,,,,,,,,,,,,,,,,,,,,,,,,,,,,,,,,,,,,,,,,,,,,,,,,,,,,,,,,,,,,,,
,,,,,,60eb274540d8358b70fdbb1d,62c538bf54f3a38dea76a902,2022-07-06_09h34.23.132,Colour_Asymmetry_Pilot,2022.1.3,Win32,57.43495491,62c50e9c1127f2cd403a315f,,,,,,,,,,,,,,,,,,,,fourthree,,2,2.954,,,,,,,,,,,,,,,,,,,,,,,,,,,,,,,,,,"[0.37240000000000006,0.4980000000000002,-0.2864]","[0.7018,0.7176,0.6155999999999999]",95,-61,1,0,0,response3disk,-2,0,1,0,0,rectangle,-2,0,1,0,0,2,1,0.001299999,0,-2,0,1,0,0,0,2,2,131,1,50,second,,,,,,,,,,,,,,,,,,,,,,,,,,,,,,,,,,,,,,,,,,,,,,,,,,,,,,,,,,,,,,,,,,,,,,,,
,,,,,,60eb274540d8358b70fdbb1d,62c538bf54f3a38dea76a902,2022-07-06_09h34.23.132,Colour_Asymmetry_Pilot,2022.1.3,Win32,57.43495491,62c50e9c1127f2cd403a315f,,,,,,,,,,,,,,,,,,,,twoone,,2,0.715799999,,,,,,,,,,,,,,,,,,,,,,,,,,,,,,,,,,"[-0.8118,-0.8198,-0.5452]","[-0.9766,-0.34920000000000007,0.2156]",89,-41,1,0,0,response3disk,-5,-2,1,0,0,rectangle,-5,-2,1,0,0,2,3,0.0016,0,-5,-2,1,0,0,0,3,3,126,1,45,second,,,,,,,,,,,,,,,,,,,,,,,,,,,,,,,,,,,,,,,,,,,,,,,,,,,,,,,,,,,,,,,,,,,,,,,,
,,,,,,60eb274540d8358b70fdbb1d,62c538bf54f3a38dea76a902,2022-07-06_09h34.23.132,Colour_Asymmetry_Pilot,2022.1.3,Win32,57.43495491,62c50e9c1127f2cd403a315f,,,,,,,,,,,,,,,,,,,,twoone,,-1,0.965300001,,,,,,,,,,,,,,,,,,,,,,,,,,,,,,,,,,"[0.23120000000000007,-0.7726,-0.34120000000000006]","[-0.0040000000000000036,0.02739999999999987,-0.08239999999999992]",-53,-83,1,0,0,response5disk,0,2,1,0,0,rectangle,0,2,1,0,0,2,2,0.001300001,0,0,2,1,0,0,0,4,4,17,1,17,first,,,,,,,,,,,,,,,,,,,,,,,,,,,,,,,,,,,,,,,,,,,,,,,,,,,,,,,,,,,,,,,,,,,,,,,,
,,,,,,60eb274540d8358b70fdbb1d,62c538bf54f3a38dea76a902,2022-07-06_09h34.23.132,Colour_Asymmetry_Pilot,2022.1.3,Win32,57.43495491,62c50e9c1127f2cd403a315f,,,,,,,,,,,,,,,,,,,,threeone,,-1,0.4034,,,,,,,,,,,,,,,,,,,,,,,,,,,,,,,,,,"[0.19199999999999995,0.18419999999999992,0.5136000000000001]","[0.30180000000000007,-0.7884,-0.9844]",-44,-68,1,0,0,response5disk,2,6,1,0,0,rectangle,2,6,1,0,0,2,2,0.000199999,0,2,6,1,0,0,0,5,5,99,1,18,second,,,,,,,,,,,,,,,,,,,,,,,,,,,,,,,,,,,,,,,,,,,,,,,,,,,,,,,,,,,,,,,,,,,,,,,,
,,,,,,60eb274540d8358b70fdbb1d,62c538bf54f3a38dea76a902,2022-07-06_09h34.23.132,Colour_Asymmetry_Pilot,2022.1.3,Win32,57.43495491,62c50e9c1127f2cd403a315f,,,,,,,,,,,,,,,,,,,,onethree,,-2,2.171799999,,,,,,,,,,,,,,,,,,,,,,,,,,,,,,,,,,"[-0.24719999999999998,-0.0354000000000001,0.3175999999999999]","[0.8115999999999999,-0.0040000000000000036,-0.09819999999999995]",-81,-61,1,0,0,response5disk,0,3,1,0,0,rectangle,0,3,1,0,0,2,2,0.000200001,0,0,3,1,0,0,0,6,6,130,1,49,second,,,,,,,,,,,,,,,,,,,,,,,,,,,,,,,,,,,,,,,,,,,,,,,,,,,,,,,,,,,,,,,,,,,,,,,,
,,,,,,60eb274540d8358b70fdbb1d,62c538bf54f3a38dea76a902,2022-07-06_09h34.23.132,Colour_Asymmetry_Pilot,2022.1.3,Win32,57.43495491,62c50e9c1127f2cd403a315f,,,,,,,,,,,,,,,,,,,,fourthree,,-1,1.597,,,,,,,,,,,,,,,,,,,,,,,,,,,,,,,,,,"[0.3802000000000001,0.19199999999999995,-0.6394]","[-0.38039999999999996,-0.4276,-0.1452]",-58,-81,1,0,0,response5disk,0,0,1,0,0,rectangle,0,0,1,0,0,2,3,0.001400002,0,0,0,1,0,0,0,7,7,139,1,58,second,,,,,,,,,,,,,,,,,,,,,,,,,,,,,,,,,,,,,,,,,,,,,,,,,,,,,,,,,,,,,,,,,,,,,,,,
,,,,,,60eb274540d8358b70fdbb1d,62c538bf54f3a38dea76a902,2022-07-06_09h34.23.132,Colour_Asymmetry_Pilot,2022.1.3,Win32,57.43495491,62c50e9c1127f2cd403a315f,,,,,,,,,,,,,,,,,,,,threefour,,-1,0.5831,,,,,,,,,,,,,,,,,,,,,,,,,,,,,,,,,,"[0.8274000000000001,-0.5844,-0.9452]","[0.7018,0.7176,0.6155999999999999]",-29,-92,1,0,0,response5disk,5,6,1,0,0,rectangle,5,6,1,0,0,2,2,0.002200001,0,5,6,1,0,0,0,8,8,79,1,79,first,,,,,,,,,,,,,,,,,,,,,,,,,,,,,,,,,,,,,,,,,,,,,,,,,,,,,,,,,,,,,,,,,,,,,,,,
,,,,,,60eb274540d8358b70fdbb1d,62c538bf54f3a38dea76a902,2022-07-06_09h34.23.132,Colour_Asymmetry_Pilot,2022.1.3,Win32,57.43495491,62c50e9c1127f2cd403a315f,,,,,,,,,,,,,,,,,,,,twoone,,-1,0.4201,,,,,,,,,,,,,,,,,,,,,,,,,,,,,,,,,,"[0.30180000000000007,-0.7884,-0.9844]","[0.6625999999999999,0.4980000000000002,-0.357]",-36,-67,1,0,0,response5disk,-11,11,1,0,0,rectangle,-11,11,1,0,0,2,2,0.000299999,0,-11,11,1,0,0,0,9,9,108,1,27,second,,,,,,,,,,,,,,,,,,,,,,,,,,,,,,,,,,,,,,,,,,,,,,,,,,,,,,,,,,,,,,,,,,,,,,,,
,,,,,,60eb274540d8358b70fdbb1d,62c538bf54f3a38dea76a902,2022-07-06_09h34.23.132,Colour_Asymmetry_Pilot,2022.1.3,Win32,57.43495491,62c50e9c1127f2cd403a315f,,,,,,,,,,,,,,,,,,,,onethree,,4,3.4316,,,,,,,,,,,,,,,,,,,,,,,,,,,,,,,,,,"[-0.2942,-0.7648,-0.7492000000000001]","[0.2784,-0.31000000000000005,-0.5452]",27,78,1,0,0,response1disk,3,-15,1,0,0,rectangle,3,-15,1,0,0,2,1,0.0015,0,3,-15,1,0,0,0,10,10,83,1,2,second,,,,,,,,,,,,,,,,,,,,,,,,,,,,,,,,,,,,,,,,,,,,,,,,,,,,,,,,,,,,,,,,,,,,,,,,
,,,,,,60eb274540d8358b70fdbb1d,62c538bf54f3a38dea76a902,2022-07-06_09h34.23.132,Colour_Asymmetry_Pilot,2022.1.3,Win32,57.43495491,62c50e9c1127f2cd403a315f,,,,,,,,,,,,,,,,,,,,twoone,,-3,0.999699999,,,,,,,,,,,,,,,,,,,,,,,,,,,,,,,,,,"[0.09799999999999986,-0.24719999999999998,0.15280000000000005]","[-0.30200000000000005,0.14500000000000002,0.2784]",-69,38,1,0,0,response7disk,2,-6,1,0,0,rectangle,2,-6,1,0,0,2,1,0.0009,0,2,-6,1,0,0,0,11,11,86,1,5,second,,,,,,,,,,,,,,,,,,,,,,,,,,,,,,,,,,,,,,,,,,,,,,,,,,,,,,,,,,,,,,,,,,,,,,,,
,,,,,,60eb274540d8358b70fdbb1d,62c538bf54f3a38dea76a902,2022-07-06_09h34.23.132,Colour_Asymmetry_Pilot,2022.1.3,Win32,57.43495491,62c50e9c1127f2cd403a315f,,,,,,,,,,,,,,,,,,,,onetwo,,-2,0.8325,,,,,,,,,,,,,,,,,,,,,,,,,,,,,,,,,,"[0.37240000000000006,-0.050999999999999934,-0.5216]","[0.11359999999999992,0.6312,0.5213999999999999]",-84,-26,1,0,0,response5disk,4,-6,1,0,0,rectangle,4,-6,1,0,0,2,3,0.002300001,0,4,-6,1,0,0,0,12,12,80,1,80,first,,,,,,,,,,,,,,,,,,,,,,,,,,,,,,,,,,,,,,,,,,,,,,,,,,,,,,,,,,,,,,,,,,,,,,,,
,,,,,,60eb274540d8358b70fdbb1d,62c538bf54f3a38dea76a902,2022-07-06_09h34.23.132,Colour_Asymmetry_Pilot,2022.1.3,Win32,57.43495491,62c50e9c1127f2cd403a315f,,,,,,,,,,,,,,,,,,,,twoone,,-1,0.774199999,,,,,,,,,,,,,,,,,,,,,,,,,,,,,,,,,,"[-0.10599999999999998,-0.10599999999999998,0.5841999999999998]","[0.18419999999999992,-0.4276,-0.404]",-38,-91,1,0,0,response5disk,15,3,1,0,0,rectangle,15,3,1,0,0,2,3,0.000299999,0,15,3,1,0,0,0,13,13,109,1,28,second,,,,,,,,,,,,,,,,,,,,,,,,,,,,,,,,,,,,,,,,,,,,,,,,,,,,,,,,,,,,,,,,,,,,,,,,
,,,,,,60eb274540d8358b70fdbb1d,62c538bf54f3a38dea76a902,2022-07-06_09h34.23.132,Colour_Asymmetry_Pilot,2022.1.3,Win32,57.43495491,62c50e9c1127f2cd403a315f,,,,,,,,,,,,,,,,,,,,threefour,,-1,0.504,,,,,,,,,,,,,,,,,,,,,,,,,,,,,,,,,,"[-0.4902000000000001,0.2704,-0.45899999999999996]","[0.9686000000000001,0.3802000000000001,0.19999999999999996]",-28,-87,1,0,0,response5disk,-4,0,1,0,0,rectangle,-4,0,1,0,0,2,2,0.002799999,0,-4,0,1,0,0,0,14,14,90,1,9,second,,,,,,,,,,,,,,,,,,,,,,,,,,,,,,,,,,,,,,,,,,,,,,,,,,,,,,,,,,,,,,,,,,,,,,,,
,,,,,,60eb274540d8358b70fdbb1d,62c538bf54f3a38dea76a902,2022-07-06_09h34.23.132,Colour_Asymmetry_Pilot,2022.1.3,Win32,57.43495491,62c50e9c1127f2cd403a315f,,,,,,,,,,,,,,,,,,,,fourthree,,2,1.2136,,,,,,,,,,,,,,,,,,,,,,,,,,,,,,,,,,"[0.7018,0.7176,0.6155999999999999]","[0.37240000000000006,0.4980000000000002,-0.2864]",83,-39,1,0,0,response3disk,8,0,1,0,0,rectangle,8,0,1,0,0,2,2,0.000200001,0,8,0,1,0,0,0,15,15,50,1,50,first,,,,,,,,,,,,,,,,,,,,,,,,,,,,,,,,,,,,,,,,,,,,,,,,,,,,,,,,,,,,,,,,,,,,,,,,
,,,,,,60eb274540d8358b70fdbb1d,62c538bf54f3a38dea76a902,2022-07-06_09h34.23.132,Colour_Asymmetry_Pilot,2022.1.3,Win32,57.43495491,62c50e9c1127f2cd403a315f,,,,,,,,,,,,,,,,,,,,twofour,,4,1.886200001,,,,,,,,,,,,,,,,,,,,,,,,,,,,,,,,,,"[0.6625999999999999,0.4980000000000002,-0.357]","[-0.0040000000000000036,0.02739999999999987,-0.08239999999999992]",27,73,1,0,0,response1disk,-7,-9,1,0,0,rectangle,-7,-9,1,0,0,2,2,0.000299999,0,-7,-9,1,0,0,0,16,16,10,1,10,first,,,,,,,,,,,,,,,,,,,,,,,,,,,,,,,,,,,,,,,,,,,,,,,,,,,,,,,,,,,,,,,,,,,,,,,,
,,,,,,60eb274540d8358b70fdbb1d,62c538bf54f3a38dea76a902,2022-07-06_09h34.23.132,Colour_Asymmetry_Pilot,2022.1.3,Win32,57.43495491,62c50e9c1127f2cd403a315f,,,,,,,,,,,,,,,,,,,,twofour,,-2,0.8859,,,,,,,,,,,,,,,,,,,,,,,,,,,,,,,,,,"[-0.01980000000000004,-0.5138,-0.38039999999999996]","[0.37240000000000006,0.4980000000000002,-0.2864]",-73,-39,1,0,0,response5disk,-4,9,1,0,0,rectangle,-4,9,1,0,0,2,2,0.000299999,0,-4,9,1,0,0,0,17,17,132,1,51,second,,,,,,,,,,,,,,,,,,,,,,,,,,,,,,,,,,,,,,,,,,,,,,,,,,,,,,,,,,,,,,,,,,,,,,,,
,,,,,,60eb274540d8358b70fdbb1d,62c538bf54f3a38dea76a902,2022-07-06_09h34.23.132,Colour_Asymmetry_Pilot,2022.1.3,Win32,57.43495491,62c50e9c1127f2cd403a315f,,,,,,,,,,,,,,,,,,,,onethree,,-1,0.403700001,,,,,,,,,,,,,,,,,,,,,,,,,,,,,,,,,,"[0.5528,0.7409999999999999,-0.71]","[-0.4746,-0.0354000000000001,0.5449999999999999]",-52,-87,1,0,0,response5disk,2,-1,1,0,0,rectangle,2,-1,1,0,0,2,1,0.001799999,0,2,-1,1,0,0,0,18,18,89,1,8,second,,,,,,,,,,,,,,,,,,,,,,,,,,,,,,,,,,,,,,,,,,,,,,,,,,,,,,,,,,,,,,,,,,,,,,,,
,,,,,,60eb274540d8358b70fdbb1d,62c538bf54f3a38dea76a902,2022-07-06_09h34.23.132,Colour_Asymmetry_Pilot,2022.1.3,Win32,57.43495491,62c50e9c1127f2cd403a315f,,,,,,,,,,,,,,,,,,,,onetwo,,-4,1.1971,,,,,,,,,,,,,,,,,,,,,,,,,,,,,,,,,,"[-0.050999999999999934,-0.6706000000000001,-0.804]","[0.5449999999999999,-0.31000000000000005,-0.0354000000000001]",-42,55,1,0,0,response7disk,-15,-1,1,0,0,rectangle,-15,-1,1,0,0,2,2,0.001799999,0,-15,-1,1,0,0,0,19,19,113,1,32,second,,,,,,,,,,,,,,,,,,,,,,,,,,,,,,,,,,,,,,,,,,,,,,,,,,,,,,,,,,,,,,,,,,,,,,,,
,,,,,,60eb274540d8358b70fdbb1d,62c538bf54f3a38dea76a902,2022-07-06_09h34.23.132,Colour_Asymmetry_Pilot,2022.1.3,Win32,57.43495491,62c50e9c1127f2cd403a315f,,,,,,,,,,,,,,,,,,,,twofour,,-2,0.834700001,,,,,,,,,,,,,,,,,,,,,,,,,,,,,,,,,,"[-0.9688,-0.4902000000000001,-0.12159999999999993]","[-0.20799999999999996,-0.655,-0.01980000000000004]",-83,-24,1,0,0,response5disk,3,-1,1,0,0,rectangle,3,-1,1,0,0,2,1,0.001400002,0,3,-1,1,0,0,0,20,20,133,1,52,second,,,,,,,,,,,,,,,,,,,,,,,,,,,,,,,,,,,,,,,,,,,,,,,,,,,,,,,,,,,,,,,,,,,,,,,,
,,,,,,60eb274540d8358b70fdbb1d,62c538bf54f3a38dea76a902,2022-07-06_09h34.23.132,Colour_Asymmetry_Pilot,2022.1.3,Win32,57.43495491,62c50e9c1127f2cd403a315f,,,,,,,,,,,,,,,,,,,,onetwo,,-2,9.731299999,,,,,,,,,,,,,,,,,,,,,,,,,,,,,,,,,,"[-0.01980000000000004,-0.5138,-0.38039999999999996]","[-0.06680000000000008,-0.45100000000000007,-0.906]",-74,-22,1,0,0,response5disk,3,6,1,0,0,rectangle,3,6,1,0,0,2,2,0.001400002,0,3,6,1,0,0,0,21,21,122,1,41,second,,,,,,,,,,,,,,,,,,,,,,,,,,,,,,,,,,,,,,,,,,,,,,,,,,,,,,,,,,,,,,,,,,,,,,,,
,,,,,,60eb274540d8358b70fdbb1d,62c538bf54f3a38dea76a902,2022-07-06_09h34.23.132,Colour_Asymmetry_Pilot,2022.1.3,Win32,57.43495491,62c50e9c1127f2cd403a315f,,,,,,,,,,,,,,,,,,,,threefour,,-1,0.4519,,,,,,,,,,,,,,,,,,,,,,,,,,,,,,,,,,"[0.37240000000000006,0.4980000000000002,-0.2864]","[-0.9766,-0.6472,0.07440000000000002]",-43,-77,1,0,0,response5disk,8,5,1,0,0,rectangle,8,5,1,0,0,2,3,0.0016,0,8,5,1,0,0,0,22,22,35,1,35,first,,,,,,,,,,,,,,,,,,,,,,,,,,,,,,,,,,,,,,,,,,,,,,,,,,,,,,,,,,,,,,,,,,,,,,,,
,,,,,,60eb274540d8358b70fdbb1d,62c538bf54f3a38dea76a902,2022-07-06_09h34.23.132,Colour_Asymmetry_Pilot,2022.1.3,Win32,57.43495491,62c50e9c1127f2cd403a315f,,,,,,,,,,,,,,,,,,,,twofour,,-1,0.567800001,,,,,,,,,,,,,,,,,,,,,,,,,,,,,,,,,,"[0.40379999999999994,0.09000000000000008,0.44300000000000006]","[-0.9688,-0.4902000000000001,-0.12159999999999993]",-24,-86,1,0,0,response5disk,5,-1,1,0,0,rectangle,5,-1,1,0,0,2,1,0.0015,0,5,-1,1,0,0,0,23,23,3,1,3,first,,,,,,,,,,,,,,,,,,,,,,,,,,,,,,,,,,,,,,,,,,,,,,,,,,,,,,,,,,,,,,,,,,,,,,,,
,,,,,,60eb274540d8358b70fdbb1d,62c538bf54f3a38dea76a902,2022-07-06_09h34.23.132,Colour_Asymmetry_Pilot,2022.1.3,Win32,57.43495491,62c50e9c1127f2cd403a315f,,,,,,,,,,,,,,,,,,,,onetwo,,-1,0.329700001,,,,,,,,,,,,,,,,,,,,,,,,,,,,,,,,,,"[-0.17659999999999998,-0.2864,-0.8354]","[0.7646000000000002,0.07440000000000002,0.2704]",-48,-94,1,0,0,response5disk,8,3,1,0,0,rectangle,8,3,1,0,0,2,2,0.0014,0,8,3,1,0,0,0,24,24,112,1,31,second,,,,,,,,,,,,,,,,,,,,,,,,,,,,,,,,,,,,,,,,,,,,,,,,,,,,,,,,,,,,,,,,,,,,,,,,
,,,,,,60eb274540d8358b70fdbb1d,62c538bf54f3a38dea76a902,2022-07-06_09h34.23.132,Colour_Asymmetry_Pilot,2022.1.3,Win32,57.43495491,62c50e9c1127f2cd403a315f,,,,,,,,,,,,,,,,,,,,twofour,,1,0.819,,,,,,,,,,,,,,,,,,,,,,,,,,,,,,,,,,"[-0.9766,-0.6472,0.07440000000000002]","[-0.9766,-0.34920000000000007,0.2156]",46,-70,1,0,0,response3disk,13,-4,1,0,0,rectangle,13,-4,1,0,0,2,2,0.000199999,0,13,-4,1,0,0,0,25,25,88,1,7,second,,,,,,,,,,,,,,,,,,,,,,,,,,,,,,,,,,,,,,,,,,,,,,,,,,,,,,,,,,,,,,,,,,,,,,,,
,,,,,,60eb274540d8358b70fdbb1d,62c538bf54f3a38dea76a902,2022-07-06_09h34.23.132,Colour_Asymmetry_Pilot,2022.1.3,Win32,57.43495491,62c50e9c1127f2cd403a315f,,,,,,,,,,,,,,,,,,,,fourthree,,-1,0.605700001,,,,,,,,,,,,,,,,,,,,,,,,,,,,,,,,,,"[0.9842,0.7409999999999999,-0.6628000000000001]","[-0.8198,-0.5138,-0.7492000000000001]",-43,-98,1,0,0,response5disk,-1,3,1,0,0,rectangle,-1,3,1,0,0,2,1,0.003299999,0,-1,3,1,0,0,0,26,26,140,1,59,second,,,,,,,,,,,,,,,,,,,,,,,,,,,,,,,,,,,,,,,,,,,,,,,,,,,,,,,,,,,,,,,,,,,,,,,,
,,,,,,60eb274540d8358b70fdbb1d,62c538bf54f3a38dea76a902,2022-07-06_09h34.23.132,Colour_Asymmetry_Pilot,2022.1.3,Win32,57.43495491,62c50e9c1127f2cd403a315f,,,,,,,,,,,,,,,,,,,,threeone,,-1,0.436800001,,,,,,,,,,,,,,,,,,,,,,,,,,,,,,,,,,"[0.3568,-0.20799999999999996,-0.9844]","[-0.9688,-0.7412000000000001,-0.4902000000000001]",-37,-73,1,0,0,response5disk,-4,1,1,0,0,rectangle,-4,1,1,0,0,2,1,0.000200001,0,-4,1,1,0,0,0,27,27,141,1,60,second,,,,,,,,,,,,,,,,,,,,,,,,,,,,,,,,,,,,,,,,,,,,,,,,,,,,,,,,,,,,,,,,,,,,,,,,
,,,,,,60eb274540d8358b70fdbb1d,62c538bf54f3a38dea76a902,2022-07-06_09h34.23.132,Colour_Asymmetry_Pilot,2022.1.3,Win32,57.43495491,62c50e9c1127f2cd403a315f,,,,,,,,,,,,,,,,,,,,threeone,,-1,0.367800001,,,,,,,,,,,,,,,,,,,,,,,,,,,,,,,,,,"[0.22340000000000004,-0.9296,-0.7884]","[0.34099999999999997,0.5841999999999998,-0.9844]",-38,-75,1,0,0,response5disk,-1,1,1,0,0,rectangle,-1,1,1,0,0,2,3,0.001799999,0,-1,1,1,0,0,0,28,28,77,1,77,first,,,,,,,,,,,,,,,,,,,,,,,,,,,,,,,,,,,,,,,,,,,,,,,,,,,,,,,,,,,,,,,,,,,,,,,,
,,,,,,60eb274540d8358b70fdbb1d,62c538bf54f3a38dea76a902,2022-07-06_09h34.23.132,Colour_Asymmetry_Pilot,2022.1.3,Win32,57.43495491,62c50e9c1127f2cd403a315f,,,,,,,,,,,,,,,,,,,,onetwo,,-1,0.4366,,,,,,,,,,,,,,,,,,,,,,,,,,,,,,,,,,"[-0.9844,-0.9688,-0.9922]","[0.3802000000000001,0.19199999999999995,-0.6394]",-59,-93,1,0,0,response5disk,13,9,1,0,0,rectangle,13,9,1,0,0,2,3,9.99985E-05,0,13,9,1,0,0,0,29,29,115,1,34,second,,,,,,,,,,,,,,,,,,,,,,,,,,,,,,,,,,,,,,,,,,,,,,,,,,,,,,,,,,,,,,,,,,,,,,,,
,,,,,,60eb274540d8358b70fdbb1d,62c538bf54f3a38dea76a902,2022-07-06_09h34.23.132,Colour_Asymmetry_Pilot,2022.1.3,Win32,57.43495491,62c50e9c1127f2cd403a315f,,,,,,,,,,,,,,,,,,,,threeone,,-1,0.549,,,,,,,,,,,,,,,,,,,,,,,,,,,,,,,,,,"[0.7176,-0.906,-0.6864]","[0.09799999999999986,-0.24719999999999998,0.15280000000000005]",-34,-96,1,0,0,response5disk,4,-2,1,0,0,rectangle,4,-2,1,0,0,2,3,0.0001,0,4,-2,1,0,0,0,30,30,120,1,39,second,,,,,,,,,,,,,,,,,,,,,,,,,,,,,,,,,,,,,,,,,,,,,,,,,,,,,,,,,,,,,,,,,,,,,,,,
,,,,,,60eb274540d8358b70fdbb1d,62c538bf54f3a38dea76a902,2022-07-06_09h34.23.132,Colour_Asymmetry_Pilot,2022.1.3,Win32,57.43495491,62c50e9c1127f2cd403a315f,,,,,,,,,,,,,,,,,,,,twoone,,-1,0.3395,,,,,,,,,,,,,,,,,,,,,,,,,,,,,,,,,,"[0.9763999999999999,0.30979999999999985,-0.6786]","[0.9372,0.20779999999999998,0.2704]",-32,-99,1,0,0,response5disk,1,2,1,0,0,rectangle,1,2,1,0,0,2,1,0.002,0,1,2,1,0,0,0,31,31,82,1,1,second,,,,,,,,,,,,,,,,,,,,,,,,,,,,,,,,,,,,,,,,,,,,,,,,,,,,,,,,,,,,,,,,,,,,,,,,
,,,,,,60eb274540d8358b70fdbb1d,62c538bf54f3a38dea76a902,2022-07-06_09h34.23.132,Colour_Asymmetry_Pilot,2022.1.3,Win32,57.43495491,62c50e9c1127f2cd403a315f,,,,,,,,,,,,,,,,,,,,onetwo,,-1,0.3841,,,,,,,,,,,,,,,,,,,,,,,,,,,,,,,,,,"[-0.6,0.16860000000000008,0.44300000000000006]","[0.3568,-0.20799999999999996,-0.9844]",-41,-75,1,0,0,response5disk,-6,2,1,0,0,rectangle,-6,2,1,0,0,2,1,0.0001,0,-6,2,1,0,0,0,32,32,40,1,40,first,,,,,,,,,,,,,,,,,,,,,,,,,,,,,,,,,,,,,,,,,,,,,,,,,,,,,,,,,,,,,,,,,,,,,,,,
,,,,,,60eb274540d8358b70fdbb1d,62c538bf54f3a38dea76a902,2022-07-06_09h34.23.132,Colour_Asymmetry_Pilot,2022.1.3,Win32,57.43495491,62c50e9c1127f2cd403a315f,,,,,,,,,,,,,,,,,,,,fourthree,,1,0.415299999,,,,,,,,,,,,,,,,,,,,,,,,,,,,,,,,,,"[0.7176,-0.906,-0.6864]","[0.22340000000000004,-0.9296,-0.7884]",22,-78,1,0,0,response3disk,-1,-6,1,0,0,rectangle,-1,-6,1,0,0,2,1,0.000200001,0,-1,-6,1,0,0,0,33,33,47,1,47,first,,,,,,,,,,,,,,,,,,,,,,,,,,,,,,,,,,,,,,,,,,,,,,,,,,,,,,,,,,,,,,,,,,,,,,,,
,,,,,,60eb274540d8358b70fdbb1d,62c538bf54f3a38dea76a902,2022-07-06_09h34.23.132,Colour_Asymmetry_Pilot,2022.1.3,Win32,57.43495491,62c50e9c1127f2cd403a315f,,,,,,,,,,,,,,,,,,,,fourtwo,,4,1.481799999,,,,,,,,,,,,,,,,,,,,,,,,,,,,,,,,,,"[-0.5922000000000001,-0.7492000000000001,-0.5296000000000001]","[-0.050999999999999934,-0.6706000000000001,-0.804]",28,69,1,0,0,response1disk,9,1,1,0,0,rectangle,9,1,1,0,0,2,3,0.002200001,0,9,1,1,0,0,0,34,34,147,1,66,second,,,,,,,,,,,,,,,,,,,,,,,,,,,,,,,,,,,,,,,,,,,,,,,,,,,,,,,,,,,,,,,,,,,,,,,,
,,,,,,60eb274540d8358b70fdbb1d,62c538bf54f3a38dea76a902,2022-07-06_09h34.23.132,Colour_Asymmetry_Pilot,2022.1.3,Win32,57.43495491,62c50e9c1127f2cd403a315f,,,,,,,,,,,,,,,,,,,,onethree,,-1,0.4341,,,,,,,,,,,,,,,,,,,,,,,,,,,,,,,,,,"[0.34099999999999997,0.12939999999999996,-0.9766]","[-0.9844,-0.9688,-0.9922]",-27,-93,1,0,0,response5disk,-15,-3,1,0,0,rectangle,-15,-3,1,0,0,2,1,0.001199999,0,-15,-3,1,0,0,0,35,35,73,1,73,first,,,,,,,,,,,,,,,,,,,,,,,,,,,,,,,,,,,,,,,,,,,,,,,,,,,,,,,,,,,,,,,,,,,,,,,,
,,,,,,60eb274540d8358b70fdbb1d,62c538bf54f3a38dea76a902,2022-07-06_09h34.23.132,Colour_Asymmetry_Pilot,2022.1.3,Win32,57.43495491,62c50e9c1127f2cd403a315f,,,,,,,,,,,,,,,,,,,,threefour,,-1,0.3534,,,,,,,,,,,,,,,,,,,,,,,,,,,,,,,,,,"[-0.7412000000000001,-0.08239999999999992,-0.6864]","[-0.9844,-0.9688,-0.9922]",-37,-93,1,0,0,response5disk,-17,-3,1,0,0,rectangle,-17,-3,1,0,0,2,2,0.001299999,0,-17,-3,1,0,0,0,36,36,42,1,42,first,,,,,,,,,,,,,,,,,,,,,,,,,,,,,,,,,,,,,,,,,,,,,,,,,,,,,,,,,,,,,,,,,,,,,,,,
,,,,,,60eb274540d8358b70fdbb1d,62c538bf54f3a38dea76a902,2022-07-06_09h34.23.132,Colour_Asymmetry_Pilot,2022.1.3,Win32,57.43495491,62c50e9c1127f2cd403a315f,,,,,,,,,,,,,,,,,,,,onethree,,-1,0.3176,,,,,,,,,,,,,,,,,,,,,,,,,,,,,,,,,,"[-0.9688,-0.7412000000000001,-0.4902000000000001]","[0.3568,-0.20799999999999996,-0.9844]",-41,-73,1,0,0,response5disk,-4,5,1,0,0,rectangle,-4,5,1,0,0,2,2,0.000200001,0,-4,5,1,0,0,0,37,37,60,1,60,first,,,,,,,,,,,,,,,,,,,,,,,,,,,,,,,,,,,,,,,,,,,,,,,,,,,,,,,,,,,,,,,,,,,,,,,,
,,,,,,60eb274540d8358b70fdbb1d,62c538bf54f3a38dea76a902,2022-07-06_09h34.23.132,Colour_Asymmetry_Pilot,2022.1.3,Win32,57.43495491,62c50e9c1127f2cd403a315f,,,,,,,,,,,,,,,,,,,,fourthree,,-1,0.350700001,,,,,,,,,,,,,,,,,,,,,,,,,,,,,,,,,,"[-0.2942,-0.7648,-0.7492000000000001]","[-0.10599999999999998,-0.15300000000000002,0.15280000000000005]",-31,-80,1,0,0,response5disk,-5,7,1,0,0,rectangle,-5,7,1,0,0,2,1,0.0031,0,-5,7,1,0,0,0,38,38,149,1,68,second,,,,,,,,,,,,,,,,,,,,,,,,,,,,,,,,,,,,,,,,,,,,,,,,,,,,,,,,,,,,,,,,,,,,,,,,
,,,,,,60eb274540d8358b70fdbb1d,62c538bf54f3a38dea76a902,2022-07-06_09h34.23.132,Colour_Asymmetry_Pilot,2022.1.3,Win32,57.43495491,62c50e9c1127f2cd403a315f,,,,,,,,,,,,,,,,,,,,onethree,,3,1.113800001,,,,,,,,,,,,,,,,,,,,,,,,,,,,,,,,,,"[0.6625999999999999,0.4980000000000002,-0.357]","[0.3568,-0.20799999999999996,-0.9844]",51,34,1,0,0,response1disk,2,-4,1,0,0,rectangle,2,-4,1,0,0,2,1,0.000199999,0,2,-4,1,0,0,0,39,39,125,1,44,second,,,,,,,,,,,,,,,,,,,,,,,,,,,,,,,,,,,,,,,,,,,,,,,,,,,,,,,,,,,,,,,,,,,,,,,,
,,,,,,60eb274540d8358b70fdbb1d,62c538bf54f3a38dea76a902,2022-07-06_09h34.23.132,Colour_Asymmetry_Pilot,2022.1.3,Win32,57.43495491,62c50e9c1127f2cd403a315f,,,,,,,,,,,,,,,,,,,,onetwo,,-1,0.3499,,,,,,,,,,,,,,,,,,,,,,,,,,,,,,,,,,"[-0.10599999999999998,-0.15300000000000002,0.15280000000000005]","[-0.2942,-0.7648,-0.7492000000000001]",-45,-84,1,0,0,response5disk,-8,13,1,0,0,rectangle,-8,13,1,0,0,2,2,0.0024,0,-8,13,1,0,0,0,40,40,68,1,68,first,,,,,,,,,,,,,,,,,,,,,,,,,,,,,,,,,,,,,,,,,,,,,,,,,,,,,,,,,,,,,,,,,,,,,,,,
,,,,,,60eb274540d8358b70fdbb1d,62c538bf54f3a38dea76a902,2022-07-06_09h34.23.132,Colour_Asymmetry_Pilot,2022.1.3,Win32,57.43495491,62c50e9c1127f2cd403a315f,,,,,,,,,,,,,,,,,,,,threeone,,-1,0.302,,,,,,,,,,,,,,,,,,,,,,,,,,,,,,,,,,"[0.7176,-0.906,-0.6864]","[0.05879999999999996,0.2784,0.5841999999999998]",-26,-62,1,0,0,response5disk,-4,9,1,0,0,rectangle,-4,9,1,0,0,2,1,0.002200001,0,-4,9,1,0,0,0,41,41,16,1,16,first,,,,,,,,,,,,,,,,,,,,,,,,,,,,,,,,,,,,,,,,,,,,,,,,,,,,,,,,,,,,,,,,,,,,,,,,
,,,,,,60eb274540d8358b70fdbb1d,62c538bf54f3a38dea76a902,2022-07-06_09h34.23.132,Colour_Asymmetry_Pilot,2022.1.3,Win32,57.43495491,62c50e9c1127f2cd403a315f,,,,,,,,,,,,,,,,,,,,fourthree,,-1,0.300699999,,,,,,,,,,,,,,,,,,,,,,,,,,,,,,,,,,"[0.7646000000000002,0.07440000000000002,0.2704]","[-0.17659999999999998,-0.2864,-0.8354]",-25,-66,1,0,0,response5disk,-3,-1,1,0,0,rectangle,-3,-1,1,0,0,2,1,0.0001,0,-3,-1,1,0,0,0,42,42,31,1,31,first,,,,,,,,,,,,,,,,,,,,,,,,,,,,,,,,,,,,,,,,,,,,,,,,,,,,,,,,,,,,,,,,,,,,,,,,
,,,,,,60eb274540d8358b70fdbb1d,62c538bf54f3a38dea76a902,2022-07-06_09h34.23.132,Colour_Asymmetry_Pilot,2022.1.3,Win32,57.43495491,62c50e9c1127f2cd403a315f,,,,,,,,,,,,,,,,,,,,threefour,,-2,1.616799999,,,,,,,,,,,,,,,,,,,,,,,,,,,,,,,,,,"[-0.050999999999999934,-0.6706000000000001,-0.804]","[-0.5922000000000001,-0.7492000000000001,-0.5296000000000001]",-74,-51,1,0,0,response5disk,-2,-4,1,0,0,rectangle,-2,-4,1,0,0,2,3,0.0011,0,-2,-4,1,0,0,0,43,43,66,1,66,first,,,,,,,,,,,,,,,,,,,,,,,,,,,,,,,,,,,,,,,,,,,,,,,,,,,,,,,,,,,,,,,,,,,,,,,,
,,,,,,60eb274540d8358b70fdbb1d,62c538bf54f3a38dea76a902,2022-07-06_09h34.23.132,Colour_Asymmetry_Pilot,2022.1.3,Win32,57.43495491,62c50e9c1127f2cd403a315f,,,,,,,,,,,,,,,,,,,,twofour,,3,1.7351,,,,,,,,,,,,,,,,,,,,,,,,,,,,,,,,,,"[-0.01980000000000004,-0.5138,-0.38039999999999996]","[0.5449999999999999,-0.31000000000000005,-0.0354000000000001]",61,29,1,0,0,response1disk,-5,2,1,0,0,rectangle,-5,2,1,0,0,2,2,0.001799999,0,-5,2,1,0,0,0,44,44,54,1,54,first,,,,,,,,,,,,,,,,,,,,,,,,,,,,,,,,,,,,,,,,,,,,,,,,,,,,,,,,,,,,,,,,,,,,,,,,
,,,,,,60eb274540d8358b70fdbb1d,62c538bf54f3a38dea76a902,2022-07-06_09h34.23.132,Colour_Asymmetry_Pilot,2022.1.3,Win32,57.43495491,62c50e9c1127f2cd403a315f,,,,,,,,,,,,,,,,,,,,threefour,,-1,0.2901,,,,,,,,,,,,,,,,,,,,,,,,,,,,,,,,,,"[0.4196,0.4665999999999999,0.3568]","[0.9763999999999999,0.30979999999999985,-0.6786]",-49,-83,1,0,0,response5disk,3,11,1,0,0,rectangle,41,-100,1,0,0,1,1,3.884,1,7,-8,1,0,0,0,45,45,36,1,36,first,response3disk_3,rectangle,,,,,,,,,,,,,,,,,,,,,,,,,,,,,,,,,,,,,,,,,,,,,,,,,,,,,,,,,,,,,,,,,,,,,,
,,,,,,60eb274540d8358b70fdbb1d,62c538bf54f3a38dea76a902,2022-07-06_09h34.23.132,Colour_Asymmetry_Pilot,2022.1.3,Win32,57.43495491,62c50e9c1127f2cd403a315f,,,,,,,,,,,,,,,,,,,,fourtwo,,-1,4.1336,,,,,,,,,,,,,,,,,,,,,,,,,,,,,,,,,,"[0.34099999999999997,0.5841999999999998,-0.9844]","[0.22340000000000004,-0.9296,-0.7884]",-33,-82,1,0,0,response5disk,-11,-5,1,0,0,rectangle,-11,-5,1,0,0,1,1,0.000200001,0,-11,-5,1,0,0,0,46,46,158,1,77,second,,,,,,,,,,,,,,,,,,,,,,,,,,,,,,,,,,,,,,,,,,,,,,,,,,,,,,,,,,,,,,,,,,,,,,,,
,,,,,,60eb274540d8358b70fdbb1d,62c538bf54f3a38dea76a902,2022-07-06_09h34.23.132,Colour_Asymmetry_Pilot,2022.1.3,Win32,57.43495491,62c50e9c1127f2cd403a315f,,,,,,,,,,,,,,,,,,,,fourtwo,,2,1.2325,,,,,,,,,,,,,,,,,,,,,,,,,,,,,,,,,,"[0.5449999999999999,-0.31000000000000005,-0.0354000000000001]","[-0.01980000000000004,-0.5138,-0.38039999999999996]",93,-67,1,0,0,response3disk,4,-2,1,0,0,rectangle,4,-2,1,0,0,1,3,0.0015,0,4,-2,1,0,0,0,47,47,135,1,54,second,,,,,,,,,,,,,,,,,,,,,,,,,,,,,,,,,,,,,,,,,,,,,,,,,,,,,,,,,,,,,,,,,,,,,,,,
,,,,,,60eb274540d8358b70fdbb1d,62c538bf54f3a38dea76a902,2022-07-06_09h34.23.132,Colour_Asymmetry_Pilot,2022.1.3,Win32,57.43495491,62c50e9c1127f2cd403a315f,,,,,,,,,,,,,,,,,,,,onetwo,,4,0.8349,,,,,,,,,,,,,,,,,,,,,,,,,,,,,,,,,,"[-0.17659999999999998,0.3253999999999999,0.19999999999999996]","[-0.5452,-0.608,0.2470000000000001]",33,53,1,0,0,response1disk,-2,-11,1,0,0,rectangle,-2,-11,1,0,0,1,3,0.000200001,0,-2,-11,1,0,0,0,48,48,78,1,78,first,,,,,,,,,,,,,,,,,,,,,,,,,,,,,,,,,,,,,,,,,,,,,,,,,,,,,,,,,,,,,,,,,,,,,,,,
,,,,,,60eb274540d8358b70fdbb1d,62c538bf54f3a38dea76a902,2022-07-06_09h34.23.132,Colour_Asymmetry_Pilot,2022.1.3,Win32,57.43495491,62c50e9c1127f2cd403a315f,,,,,,,,,,,,,,,,,,,,threefour,,-1,0.5346,,,,,,,,,,,,,,,,,,,,,,,,,,,,,,,,,,"[-0.6235999999999999,-0.6786,-0.08239999999999992]","[0.3802000000000001,0.19199999999999995,-0.6394]",-29,-57,1,0,0,response5disk,-1,8,1,0,0,rectangle,-1,8,1,0,0,1,3,0.000200001,0,-1,8,1,0,0,0,49,49,63,1,63,first,,,,,,,,,,,,,,,,,,,,,,,,,,,,,,,,,,,,,,,,,,,,,,,,,,,,,,,,,,,,,,,,,,,,,,,,
,,,,,,60eb274540d8358b70fdbb1d,62c538bf54f3a38dea76a902,2022-07-06_09h34.23.132,Colour_Asymmetry_Pilot,2022.1.3,Win32,57.43495491,62c50e9c1127f2cd403a315f,,,,,,,,,,,,,,,,,,,,fourthree,,-1,0.368,,,,,,,,,,,,,,,,,,,,,,,,,,,,,,,,,,"[-0.9766,-0.6472,0.07440000000000002]","[0.37240000000000006,0.4980000000000002,-0.2864]",-32,-67,1,0,0,response5disk,-4,-1,1,0,0,rectangle,-4,-1,1,0,0,1,2,0.0014,0,-4,-1,1,0,0,0,50,50,116,1,35,second,,,,,,,,,,,,,,,,,,,,,,,,,,,,,,,,,,,,,,,,,,,,,,,,,,,,,,,,,,,,,,,,,,,,,,,,
,,,,,,60eb274540d8358b70fdbb1d,62c538bf54f3a38dea76a902,2022-07-06_09h34.23.132,Colour_Asymmetry_Pilot,2022.1.3,Win32,57.43495491,62c50e9c1127f2cd403a315f,,,,,,,,,,,,,,,,,,,,fourtwo,,-1,0.5199,,,,,,,,,,,,,,,,,,,,,,,,,,,,,,,,,,"[0.05879999999999996,0.2784,0.5841999999999998]","[0.7176,-0.906,-0.6864]",-27,-61,1,0,0,response5disk,-5,-3,1,0,0,rectangle,69,34,1,0,0,3,3,3.533700001,1,5,-9,1,0,0,0,51,51,97,1,16,second,response1disk_3,rectangle,,,,,,,,,,,,,,,,,,,,,,,,,,,,,,,,,,,,,,,,,,,,,,,,,,,,,,,,,,,,,,,,,,,,,,
,,,,,,60eb274540d8358b70fdbb1d,62c538bf54f3a38dea76a902,2022-07-06_09h34.23.132,Colour_Asymmetry_Pilot,2022.1.3,Win32,57.43495491,62c50e9c1127f2cd403a315f,,,,,,,,,,,,,,,,,,,,twoone,,-1,2.5574,,,,,,,,,,,,,,,,,,,,,,,,,,,,,,,,,,"[0.8115999999999999,-0.0040000000000000036,-0.09819999999999995]","[0.7018,0.7176,0.6155999999999999]",-31,-82,1,0,0,response5disk,2,-3,1,0,0,rectangle,2,-3,1,0,0,3,2,0.0014,0,2,-3,1,0,0,0,52,52,43,1,43,first,,,,,,,,,,,,,,,,,,,,,,,,,,,,,,,,,,,,,,,,,,,,,,,,,,,,,,,,,,,,,,,,,,,,,,,,
,,,,,,60eb274540d8358b70fdbb1d,62c538bf54f3a38dea76a902,2022-07-06_09h34.23.132,Colour_Asymmetry_Pilot,2022.1.3,Win32,57.43495491,62c50e9c1127f2cd403a315f,,,,,,,,,,,,,,,,,,,,onethree,,-1,0.2664,,,,,,,,,,,,,,,,,,,,,,,,,,,,,,,,,,"[0.18419999999999992,-0.4276,-0.404]","[-0.9688,-0.38039999999999996,-0.41979999999999995]",-44,-68,1,0,0,response5disk,-6,-4,1,0,0,rectangle,-6,-4,1,0,0,3,1,0.001200001,0,-6,-4,1,0,0,0,53,53,22,1,22,first,,,,,,,,,,,,,,,,,,,,,,,,,,,,,,,,,,,,,,,,,,,,,,,,,,,,,,,,,,,,,,,,,,,,,,,,
,,,,,,60eb274540d8358b70fdbb1d,62c538bf54f3a38dea76a902,2022-07-06_09h34.23.132,Colour_Asymmetry_Pilot,2022.1.3,Win32,57.43495491,62c50e9c1127f2cd403a315f,,,,,,,,,,,,,,,,,,,,fourthree,,-1,0.3006,,,,,,,,,,,,,,,,,,,,,,,,,,,,,,,,,,"[-0.6,0.16860000000000008,0.44300000000000006]","[0.9686000000000001,0.5763999999999998,0.11359999999999992]",-31,-77,1,0,0,response5disk,-6,6,1,0,0,rectangle,-6,6,1,0,0,3,1,0.000200001,0,-6,6,1,0,0,0,54,54,153,1,72,second,,,,,,,,,,,,,,,,,,,,,,,,,,,,,,,,,,,,,,,,,,,,,,,,,,,,,,,,,,,,,,,,,,,,,,,,
,,,,,,60eb274540d8358b70fdbb1d,62c538bf54f3a38dea76a902,2022-07-06_09h34.23.132,Colour_Asymmetry_Pilot,2022.1.3,Win32,57.43495491,62c50e9c1127f2cd403a315f,,,,,,,,,,,,,,,,,,,,threeone,,-4,1.785299999,,,,,,,,,,,,,,,,,,,,,,,,,,,,,,,,,,"[-0.30200000000000005,0.14500000000000002,0.2784]","[-0.9688,-0.38039999999999996,-0.41979999999999995]",-26,82,1,0,0,response7disk,-1,-11,1,0,0,rectangle,-1,-11,1,0,0,3,3,0.0024,0,-1,-11,1,0,0,0,55,55,24,1,24,first,,,,,,,,,,,,,,,,,,,,,,,,,,,,,,,,,,,,,,,,,,,,,,,,,,,,,,,,,,,,,,,,,,,,,,,,
,,,,,,60eb274540d8358b70fdbb1d,62c538bf54f3a38dea76a902,2022-07-06_09h34.23.132,Colour_Asymmetry_Pilot,2022.1.3,Win32,57.43495491,62c50e9c1127f2cd403a315f,,,,,,,,,,,,,,,,,,,,onetwo,,-2,1.021199999,,,,,,,,,,,,,,,,,,,,,,,,,,,,,,,,,,"[-0.01980000000000004,-0.5138,-0.38039999999999996]","[-0.4668,-0.8746,-0.2942]",-68,-40,1,0,0,response5disk,-3,1,1,0,0,rectangle,43,-60,1,0,0,1,1,2.0006,1,7,2,1,0,0,0,56,56,136,1,55,second,response3disk_3,rectangle,,,,,,,,,,,,,,,,,,,,,,,,,,,,,,,,,,,,,,,,,,,,,,,,,,,,,,,,,,,,,,,,,,,,,,
,,,,,,60eb274540d8358b70fdbb1d,62c538bf54f3a38dea76a902,2022-07-06_09h34.23.132,Colour_Asymmetry_Pilot,2022.1.3,Win32,57.43495491,62c50e9c1127f2cd403a315f,,,,,,,,,,,,,,,,,,,,fourtwo,,-4,1.2506,,,,,,,,,,,,,,,,,,,,,,,,,,,,,,,,,,"[-0.2942,-0.7648,-0.7492000000000001]","[-0.8198,-0.5138,-0.7492000000000001]",-33,57,1,0,0,response7disk,-12,8,1,0,0,rectangle,-12,8,1,0,0,1,2,0.001199999,0,-12,8,1,0,0,0,57,57,75,1,75,first,,,,,,,,,,,,,,,,,,,,,,,,,,,,,,,,,,,,,,,,,,,,,,,,,,,,,,,,,,,,,,,,,,,,,,,,
,,,,,,60eb274540d8358b70fdbb1d,62c538bf54f3a38dea76a902,2022-07-06_09h34.23.132,Colour_Asymmetry_Pilot,2022.1.3,Win32,57.43495491,62c50e9c1127f2cd403a315f,,,,,,,,,,,,,,,,,,,,onetwo,,-1,0.685799999,,,,,,,,,,,,,,,,,,,,,,,,,,,,,,,,,,"[0.37240000000000006,0.4980000000000002,-0.2864]","[-0.01980000000000004,-0.5138,-0.38039999999999996]",-35,-68,1,0,0,response5disk,4,-8,1,0,0,rectangle,4,-8,1,0,0,1,2,0.000199999,0,4,-8,1,0,0,0,58,58,51,1,51,first,,,,,,,,,,,,,,,,,,,,,,,,,,,,,,,,,,,,,,,,,,,,,,,,,,,,,,,,,,,,,,,,,,,,,,,,
,,,,,,60eb274540d8358b70fdbb1d,62c538bf54f3a38dea76a902,2022-07-06_09h34.23.132,Colour_Asymmetry_Pilot,2022.1.3,Win32,57.43495491,62c50e9c1127f2cd403a315f,,,,,,,,,,,,,,,,,,,,threefour,,-1,0.4856,,,,,,,,,,,,,,,,,,,,,,,,,,,,,,,,,,"[-0.9844,-0.9688,-0.9922]","[0.34099999999999997,0.12939999999999996,-0.9766]",-32,-89,1,0,0,response5disk,4,7,1,0,0,rectangle,4,7,1,0,0,1,2,0.000200001,0,4,7,1,0,0,0,59,59,154,1,73,second,,,,,,,,,,,,,,,,,,,,,,,,,,,,,,,,,,,,,,,,,,,,,,,,,,,,,,,,,,,,,,,,,,,,,,,,
,,,,,,60eb274540d8358b70fdbb1d,62c538bf54f3a38dea76a902,2022-07-06_09h34.23.132,Colour_Asymmetry_Pilot,2022.1.3,Win32,57.43495491,62c50e9c1127f2cd403a315f,,,,,,,,,,,,,,,,,,,,threefour,,2,1.936699999,,,,,,,,,,,,,,,,,,,,,,,,,,,,,,,,,,"[-0.9766,-0.34920000000000007,0.2156]","[-0.9766,-0.6472,0.07440000000000002]",71,-36,1,0,0,response3disk,13,-1,1,0,0,rectangle,13,-1,1,0,0,1,2,0.0004,0,13,-1,1,0,0,0,60,60,7,1,7,first,,,,,,,,,,,,,,,,,,,,,,,,,,,,,,,,,,,,,,,,,,,,,,,,,,,,,,,,,,,,,,,,,,,,,,,,
,,,,,,60eb274540d8358b70fdbb1d,62c538bf54f3a38dea76a902,2022-07-06_09h34.23.132,Colour_Asymmetry_Pilot,2022.1.3,Win32,57.43495491,62c50e9c1127f2cd403a315f,,,,,,,,,,,,,,,,,,,,threefour,,-1,0.3809,,,,,,,,,,,,,,,,,,,,,,,,,,,,,,,,,,"[-0.4746,-0.0354000000000001,0.5449999999999999]","[0.12939999999999996,-0.2864,0.3253999999999999]",-34,-76,1,0,0,response5disk,9,14,1,0,0,rectangle,99,43,1,0,0,3,3,3.128200001,1,4,-2,1,0,0,0,61,61,11,1,11,first,response1disk_3,rectangle,,,,,,,,,,,,,,,,,,,,,,,,,,,,,,,,,,,,,,,,,,,,,,,,,,,,,,,,,,,,,,,,,,,,,,
,,,,,,60eb274540d8358b70fdbb1d,62c538bf54f3a38dea76a902,2022-07-06_09h34.23.132,Colour_Asymmetry_Pilot,2022.1.3,Win32,57.43495491,62c50e9c1127f2cd403a315f,,,,,,,,,,,,,,,,,,,,twofour,,-3,1.419,,,,,,,,,,,,,,,,,,,,,,,,,,,,,,,,,,"[-0.34920000000000007,-0.702,-0.5216]","[-0.9296,-0.12959999999999994,-0.043199999999999905]",-63,38,1,0,0,response7disk,14,-1,1,0,0,rectangle,14,-1,1,0,0,3,1,0.001200001,0,14,-1,1,0,0,0,62,62,64,1,64,first,,,,,,,,,,,,,,,,,,,,,,,,,,,,,,,,,,,,,,,,,,,,,,,,,,,,,,,,,,,,,,,,,,,,,,,,
,,,,,,60eb274540d8358b70fdbb1d,62c538bf54f3a38dea76a902,2022-07-06_09h34.23.132,Colour_Asymmetry_Pilot,2022.1.3,Win32,57.43495491,62c50e9c1127f2cd403a315f,,,,,,,,,,,,,,,,,,,,onetwo,,-1,1.3191,,,,,,,,,,,,,,,,,,,,,,,,,,,,,,,,,,"[0.3802000000000001,0.19199999999999995,-0.6394]","[-0.6235999999999999,-0.6786,-0.08239999999999992]",-27,-75,1,0,0,response5disk,10,-1,1,0,0,rectangle,10,-1,1,0,0,3,2,0.002,0,10,-1,1,0,0,0,63,63,144,1,63,second,,,,,,,,,,,,,,,,,,,,,,,,,,,,,,,,,,,,,,,,,,,,,,,,,,,,,,,,,,,,,,,,,,,,,,,,
,,,,,,60eb274540d8358b70fdbb1d,62c538bf54f3a38dea76a902,2022-07-06_09h34.23.132,Colour_Asymmetry_Pilot,2022.1.3,Win32,57.43495491,62c50e9c1127f2cd403a315f,,,,,,,,,,,,,,,,,,,,fourthree,,-1,0.3104,,,,,,,,,,,,,,,,,,,,,,,,,,,,,,,,,,"[-0.24719999999999998,0.5213999999999999,-0.12959999999999994]","[-0.6942,-0.7648,-0.12959999999999994]",-47,-72,1,0,0,response5disk,1,-7,1,0,0,rectangle,1,-7,1,0,0,3,3,0.002300001,0,1,-7,1,0,0,0,64,64,0,1,0,first,,,,,,,,,,,,,,,,,,,,,,,,,,,,,,,,,,,,,,,,,,,,,,,,,,,,,,,,,,,,,,,,,,,,,,,,
,,,,,,60eb274540d8358b70fdbb1d,62c538bf54f3a38dea76a902,2022-07-06_09h34.23.132,Colour_Asymmetry_Pilot,2022.1.3,Win32,57.43495491,62c50e9c1127f2cd403a315f,,,,,,,,,,,,,,,,,,,,twoone,,-1,1.338700001,,,,,,,,,,,,,,,,,,,,,,,,,,,,,,,,,,"[0.8115999999999999,-0.0040000000000000036,-0.09819999999999995]","[-0.24719999999999998,-0.0354000000000001,0.3175999999999999]",-43,-63,1,0,0,response5disk,0,-3,1,0,0,rectangle,0,-3,1,0,0,3,1,0.002099998,0,0,-3,1,0,0,0,65,65,49,1,49,first,,,,,,,,,,,,,,,,,,,,,,,,,,,,,,,,,,,,,,,,,,,,,,,,,,,,,,,,,,,,,,,,,,,,,,,,
,,,,,,60eb274540d8358b70fdbb1d,62c538bf54f3a38dea76a902,2022-07-06_09h34.23.132,Colour_Asymmetry_Pilot,2022.1.3,Win32,57.43495491,62c50e9c1127f2cd403a315f,,,,,,,,,,,,,,,,,,,,twofour,,2,0.8684,,,,,,,,,,,,,,,,,,,,,,,,,,,,,,,,,,"[0.22340000000000004,-0.9296,-0.7884]","[0.7176,-0.906,-0.6864]",47,-29,1,0,0,response3disk,0,-5,1,0,0,rectangle,0,-5,1,0,0,3,1,0.000200001,0,0,-5,1,0,0,0,66,66,128,1,47,second,,,,,,,,,,,,,,,,,,,,,,,,,,,,,,,,,,,,,,,,,,,,,,,,,,,,,,,,,,,,,,,,,,,,,,,,
,,,,,,60eb274540d8358b70fdbb1d,62c538bf54f3a38dea76a902,2022-07-06_09h34.23.132,Colour_Asymmetry_Pilot,2022.1.3,Win32,57.43495491,62c50e9c1127f2cd403a315f,,,,,,,,,,,,,,,,,,,,twoone,,2,0.518300001,,,,,,,,,,,,,,,,,,,,,,,,,,,,,,,,,,"[-0.24719999999999998,0.5213999999999999,-0.12959999999999994]","[-0.4902000000000001,0.2704,-0.45899999999999996]",63,-37,1,0,0,response3disk,2,-2,1,0,0,rectangle,2,-2,1,0,0,3,1,0.0001,0,2,-2,1,0,0,0,67,67,134,1,53,second,,,,,,,,,,,,,,,,,,,,,,,,,,,,,,,,,,,,,,,,,,,,,,,,,,,,,,,,,,,,,,,,,,,,,,,,
,,,,,,60eb274540d8358b70fdbb1d,62c538bf54f3a38dea76a902,2022-07-06_09h34.23.132,Colour_Asymmetry_Pilot,2022.1.3,Win32,57.43495491,62c50e9c1127f2cd403a315f,,,,,,,,,,,,,,,,,,,,onethree,,-3,1.766,,,,,,,,,,,,,,,,,,,,,,,,,,,,,,,,,,"[-0.9766,-0.6472,0.07440000000000002]","[-0.6706000000000001,-0.6157999999999999,-0.6786]",-72,38,1,0,0,response7disk,-18,2,1,0,0,rectangle,-18,2,1,0,0,3,2,0.001299999,0,-18,2,1,0,0,0,68,68,143,1,62,second,,,,,,,,,,,,,,,,,,,,,,,,,,,,,,,,,,,,,,,,,,,,,,,,,,,,,,,,,,,,,,,,,,,,,,,,
,,,,,,60eb274540d8358b70fdbb1d,62c538bf54f3a38dea76a902,2022-07-06_09h34.23.132,Colour_Asymmetry_Pilot,2022.1.3,Win32,57.43495491,62c50e9c1127f2cd403a315f,,,,,,,,,,,,,,,,,,,,twoone,,-2,1.5691,,,,,,,,,,,,,,,,,,,,,,,,,,,,,,,,,,"[0.19199999999999995,0.18419999999999992,0.5136000000000001]","[0.9686000000000001,0.5763999999999998,0.11359999999999992]",-80,-45,1,0,0,response5disk,5,-3,1,0,0,rectangle,5,-3,1,0,0,3,2,0.0001,0,5,-3,1,0,0,0,69,69,137,1,56,second,,,,,,,,,,,,,,,,,,,,,,,,,,,,,,,,,,,,,,,,,,,,,,,,,,,,,,,,,,,,,,,,,,,,,,,,
,,,,,,60eb274540d8358b70fdbb1d,62c538bf54f3a38dea76a902,2022-07-06_09h34.23.132,Colour_Asymmetry_Pilot,2022.1.3,Win32,57.43495491,62c50e9c1127f2cd403a315f,,,,,,,,,,,,,,,,,,,,fourthree,,-2,0.6499,,,,,,,,,,,,,,,,,,,,,,,,,,,,,,,,,,"[-0.26280000000000003,-0.2158,-0.3256]","[0.7802,-0.23140000000000005,-0.20799999999999996]",-51,-39,1,0,0,response5disk,-4,-7,1,0,0,rectangle,-4,-7,1,0,0,3,1,0.0015,0,-4,-7,1,0,0,0,70,70,37,1,37,first,,,,,,,,,,,,,,,,,,,,,,,,,,,,,,,,,,,,,,,,,,,,,,,,,,,,,,,,,,,,,,,,,,,,,,,,
,,,,,,60eb274540d8358b70fdbb1d,62c538bf54f3a38dea76a902,2022-07-06_09h34.23.132,Colour_Asymmetry_Pilot,2022.1.3,Win32,57.43495491,62c50e9c1127f2cd403a315f,,,,,,,,,,,,,,,,,,,,threefour,,-1,0.3169,,,,,,,,,,,,,,,,,,,,,,,,,,,,,,,,,,"[0.3802000000000001,0.19199999999999995,-0.6394]","[-0.9844,-0.9688,-0.9922]",-34,-85,1,0,0,response5disk,-2,2,1,0,0,rectangle,-2,2,1,0,0,3,3,0.0054,0,-2,2,1,0,0,0,71,71,34,1,34,first,,,,,,,,,,,,,,,,,,,,,,,,,,,,,,,,,,,,,,,,,,,,,,,,,,,,,,,,,,,,,,,,,,,,,,,,
,,,,,,60eb274540d8358b70fdbb1d,62c538bf54f3a38dea76a902,2022-07-06_09h34.23.132,Colour_Asymmetry_Pilot,2022.1.3,Win32,57.43495491,62c50e9c1127f2cd403a315f,,,,,,,,,,,,,,,,,,,,twoone,,-1,0.753300001,,,,,,,,,,,,,,,,,,,,,,,,,,,,,,,,,,"[-0.011800000000000033,-0.906,-0.45100000000000007]","[1,0.12939999999999996,-1]",-45,-76,1,0,0,response5disk,-6,-5,1,0,0,rectangle,-6,-5,1,0,0,3,1,0.001299999,0,-6,-5,1,0,0,0,72,72,69,1,69,first,,,,,,,,,,,,,,,,,,,,,,,,,,,,,,,,,,,,,,,,,,,,,,,,,,,,,,,,,,,,,,,,,,,,,,,,
,,,,,,60eb274540d8358b70fdbb1d,62c538bf54f3a38dea76a902,2022-07-06_09h34.23.132,Colour_Asymmetry_Pilot,2022.1.3,Win32,57.43495491,62c50e9c1127f2cd403a315f,,,,,,,,,,,,,,,,,,,,threefour,,-1,0.3314,,,,,,,,,,,,,,,,,,,,,,,,,,,,,,,,,,"[0.6547999999999998,-0.043199999999999905,-0.011800000000000033]","[0.05879999999999996,0.2784,0.5841999999999998]",-42,-79,1,0,0,response5disk,-9,-3,1,0,0,rectangle,-9,-3,1,0,0,3,1,0.0001,0,-9,-3,1,0,0,0,73,73,101,1,20,second,,,,,,,,,,,,,,,,,,,,,,,,,,,,,,,,,,,,,,,,,,,,,,,,,,,,,,,,,,,,,,,,,,,,,,,,
,,,,,,60eb274540d8358b70fdbb1d,62c538bf54f3a38dea76a902,2022-07-06_09h34.23.132,Colour_Asymmetry_Pilot,2022.1.3,Win32,57.43495491,62c50e9c1127f2cd403a315f,,,,,,,,,,,,,,,,,,,,twoone,,-1,0.345200001,,,,,,,,,,,,,,,,,,,,,,,,,,,,,,,,,,"[0.9686000000000001,0.5763999999999998,0.11359999999999992]","[-0.6,0.16860000000000008,0.44300000000000006]",-48,-77,1,0,0,response5disk,-4,2,1,0,0,rectangle,-4,2,1,0,0,3,1,0.0001,0,-4,2,1,0,0,0,74,74,72,1,72,first,,,,,,,,,,,,,,,,,,,,,,,,,,,,,,,,,,,,,,,,,,,,,,,,,,,,,,,,,,,,,,,,,,,,,,,,
,,,,,,60eb274540d8358b70fdbb1d,62c538bf54f3a38dea76a902,2022-07-06_09h34.23.132,Colour_Asymmetry_Pilot,2022.1.3,Win32,57.43495491,62c50e9c1127f2cd403a315f,,,,,,,,,,,,,,,,,,,,onetwo,,-1,0.312799999,,,,,,,,,,,,,,,,,,,,,,,,,,,,,,,,,,"[-0.09019999999999995,0.44300000000000006,0.5371999999999999]","[0.3802000000000001,0.19199999999999995,-0.6394]",-25,-65,1,0,0,response5disk,-4,1,1,0,0,rectangle,-4,1,1,0,0,3,2,0.001400002,0,-4,1,1,0,0,0,75,75,38,1,38,first,,,,,,,,,,,,,,,,,,,,,,,,,,,,,,,,,,,,,,,,,,,,,,,,,,,,,,,,,,,,,,,,,,,,,,,,
,,,,,,60eb274540d8358b70fdbb1d,62c538bf54f3a38dea76a902,2022-07-06_09h34.23.132,Colour_Asymmetry_Pilot,2022.1.3,Win32,57.43495491,62c50e9c1127f2cd403a315f,,,,,,,,,,,,,,,,,,,,fourtwo,,-1,2.437700001,,,,,,,,,,,,,,,,,,,,,,,,,,,,,,,,,,"[-0.0040000000000000036,0.02739999999999987,-0.08239999999999992]","[0.6625999999999999,0.4980000000000002,-0.357]",-32,-57,1,0,0,response5disk,-2,3,1,0,0,rectangle,-2,3,1,0,0,3,3,0.001299999,0,-2,3,1,0,0,0,76,76,91,1,10,second,,,,,,,,,,,,,,,,,,,,,,,,,,,,,,,,,,,,,,,,,,,,,,,,,,,,,,,,,,,,,,,,,,,,,,,,
,,,,,,60eb274540d8358b70fdbb1d,62c538bf54f3a38dea76a902,2022-07-06_09h34.23.132,Colour_Asymmetry_Pilot,2022.1.3,Win32,57.43495491,62c50e9c1127f2cd403a315f,,,,,,,,,,,,,,,,,,,,threeone,,-1,0.3046,,,,,,,,,,,,,,,,,,,,,,,,,,,,,,,,,,"[0.05879999999999996,0.2784,0.5841999999999998]","[0.6547999999999998,-0.043199999999999905,-0.011800000000000033]",-38,-68,1,0,0,response5disk,-8,-6,1,0,0,rectangle,-8,-6,1,0,0,3,1,0.0015,0,-8,-6,1,0,0,0,77,77,20,1,20,first,,,,,,,,,,,,,,,,,,,,,,,,,,,,,,,,,,,,,,,,,,,,,,,,,,,,,,,,,,,,,,,,,,,,,,,,
,,,,,,60eb274540d8358b70fdbb1d,62c538bf54f3a38dea76a902,2022-07-06_09h34.23.132,Colour_Asymmetry_Pilot,2022.1.3,Win32,57.43495491,62c50e9c1127f2cd403a315f,,,,,,,,,,,,,,,,,,,,fourthree,,-1,0.241699999,,,,,,,,,,,,,,,,,,,,,,,,,,,,,,,,,,"[0.3568,-0.20799999999999996,-0.9844]","[-0.4668,-0.8746,-0.2942]",-24,-68,1,0,0,response5disk,1,7,1,0,0,rectangle,1,7,1,0,0,3,2,0.001799999,0,1,7,1,0,0,0,78,78,157,1,76,second,,,,,,,,,,,,,,,,,,,,,,,,,,,,,,,,,,,,,,,,,,,,,,,,,,,,,,,,,,,,,,,,,,,,,,,,
,,,,,,60eb274540d8358b70fdbb1d,62c538bf54f3a38dea76a902,2022-07-06_09h34.23.132,Colour_Asymmetry_Pilot,2022.1.3,Win32,57.43495491,62c50e9c1127f2cd403a315f,,,,,,,,,,,,,,,,,,,,fourthree,,-1,0.3151,,,,,,,,,,,,,,,,,,,,,,,,,,,,,,,,,,"[0.7018,0.7176,0.6155999999999999]","[0.8115999999999999,-0.0040000000000000036,-0.09819999999999995]",-25,-61,1,0,0,response5disk,0,1,1,0,0,rectangle,0,1,1,0,0,3,3,0.0016,0,0,1,1,0,0,0,79,79,152,1,71,second,,,,,,,,,,,,,,,,,,,,,,,,,,,,,,,,,,,,,,,,,,,,,,,,,,,,,,,,,,,,,,,,,,,,,,,,
,,,,,,60eb274540d8358b70fdbb1d,62c538bf54f3a38dea76a902,2022-07-06_09h34.23.132,Colour_Asymmetry_Pilot,2022.1.3,Win32,57.43495491,62c50e9c1127f2cd403a315f,,,,,,,,,,,,,,,,,,,,fourtwo,,-1,0.330799999,,,,,,,,,,,,,,,,,,,,,,,,,,,,,,,,,,"[-0.8118,-0.8198,-0.5452]","[0.3802000000000001,0.19199999999999995,-0.6394]",-37,-57,1,0,0,response5disk,-11,3,1,0,0,rectangle,-11,3,1,0,0,3,1,0.001299999,0,-11,3,1,0,0,0,80,80,26,1,26,first,,,,,,,,,,,,,,,,,,,,,,,,,,,,,,,,,,,,,,,,,,,,,,,,,,,,,,,,,,,,,,,,,,,,,,,,
,,,,,,60eb274540d8358b70fdbb1d,62c538bf54f3a38dea76a902,2022-07-06_09h34.23.132,Colour_Asymmetry_Pilot,2022.1.3,Win32,57.43495491,62c50e9c1127f2cd403a315f,,,,,,,,,,,,,,,,,,,,threefour,,-1,0.2965,,,,,,,,,,,,,,,,,,,,,,,,,,,,,,,,,,"[0.6547999999999998,-0.043199999999999905,-0.011800000000000033]","[-0.9296,-0.12959999999999994,-0.043199999999999905]",-27,-60,1,0,0,response5disk,-10,3,1,0,0,rectangle,-10,3,1,0,0,3,3,0.004200001,0,-10,3,1,0,0,0,81,81,102,1,21,second,,,,,,,,,,,,,,,,,,,,,,,,,,,,,,,,,,,,,,,,,,,,,,,,,,,,,,,,,,,,,,,,,,,,,,,,
,,,,,,60eb274540d8358b70fdbb1d,62c538bf54f3a38dea76a902,2022-07-06_09h34.23.132,Colour_Asymmetry_Pilot,2022.1.3,Win32,57.43495491,62c50e9c1127f2cd403a315f,,,,,,,,,,,,,,,,,,,,twofour,,-2,0.338,,,,,,,,,,,,,,,,,,,,,,,,,,,,,,,,,,"[0.18419999999999992,-0.4276,-0.404]","[-0.10599999999999998,-0.10599999999999998,0.5841999999999998]",-56,-20,1,0,0,response5disk,-16,-1,1,0,0,rectangle,-16,-1,1,0,0,3,3,0.001199999,0,-16,-1,1,0,0,0,82,82,28,1,28,first,,,,,,,,,,,,,,,,,,,,,,,,,,,,,,,,,,,,,,,,,,,,,,,,,,,,,,,,,,,,,,,,,,,,,,,,
,,,,,,60eb274540d8358b70fdbb1d,62c538bf54f3a38dea76a902,2022-07-06_09h34.23.132,Colour_Asymmetry_Pilot,2022.1.3,Win32,57.43495491,62c50e9c1127f2cd403a315f,,,,,,,,,,,,,,,,,,,,fourthree,,-1,0.4176,,,,,,,,,,,,,,,,,,,,,,,,,,,,,,,,,,"[-0.06680000000000008,-0.45100000000000007,-0.906]","[-0.48240000000000005,0.3175999999999999,0.2156]",-42,-58,1,0,0,response5disk,-16,-6,1,0,0,rectangle,-16,-6,1,0,0,3,3,0.000200001,0,-16,-6,1,0,0,0,83,83,127,1,46,second,,,,,,,,,,,,,,,,,,,,,,,,,,,,,,,,,,,,,,,,,,,,,,,,,,,,,,,,,,,,,,,,,,,,,,,,
,,,,,,60eb274540d8358b70fdbb1d,62c538bf54f3a38dea76a902,2022-07-06_09h34.23.132,Colour_Asymmetry_Pilot,2022.1.3,Win32,57.43495491,62c50e9c1127f2cd403a315f,,,,,,,,,,,,,,,,,,,,onethree,,-1,0.4999,,,,,,,,,,,,,,,,,,,,,,,,,,,,,,,,,,"[0.11359999999999992,0.6312,0.5213999999999999]","[0.37240000000000006,-0.050999999999999934,-0.5216]",-30,-61,1,0,0,response5disk,3,3,1,0,0,rectangle,84,-46,1,0,0,2,2,2.965199999,1,4,-11,1,0,0,0,84,84,161,1,80,second,response3disk_3,rectangle,,,,,,,,,,,,,,,,,,,,,,,,,,,,,,,,,,,,,,,,,,,,,,,,,,,,,,,,,,,,,,,,,,,,,,
,,,,,,60eb274540d8358b70fdbb1d,62c538bf54f3a38dea76a902,2022-07-06_09h34.23.132,Colour_Asymmetry_Pilot,2022.1.3,Win32,57.43495491,62c50e9c1127f2cd403a315f,,,,,,,,,,,,,,,,,,,,fourthree,,-1,0.283199999,,,,,,,,,,,,,,,,,,,,,,,,,,,,,,,,,,"[0.9372,0.9450000000000001,0.8980000000000001]","[-0.9138,-0.5296000000000001,-0.5529999999999999]",-22,-66,1,0,0,response5disk,1,0,1,0,0,rectangle,1,0,1,0,0,2,2,0.0001,0,1,0,1,0,0,0,85,85,85,1,4,second,,,,,,,,,,,,,,,,,,,,,,,,,,,,,,,,,,,,,,,,,,,,,,,,,,,,,,,,,,,,,,,,,,,,,,,,
,,,,,,60eb274540d8358b70fdbb1d,62c538bf54f3a38dea76a902,2022-07-06_09h34.23.132,Colour_Asymmetry_Pilot,2022.1.3,Win32,57.43495491,62c50e9c1127f2cd403a315f,,,,,,,,,,,,,,,,,,,,twoone,,-1,0.366,,,,,,,,,,,,,,,,,,,,,,,,,,,,,,,,,,"[-0.6235999999999999,-0.6786,-0.08239999999999992]","[0.3568,-0.20799999999999996,-0.9844]",-20,-37,1,0,0,response5disk,-9,2,1,0,0,rectangle,-9,2,1,0,0,2,3,0.001800001,0,-9,2,1,0,0,0,86,86,111,1,30,second,,,,,,,,,,,,,,,,,,,,,,,,,,,,,,,,,,,,,,,,,,,,,,,,,,,,,,,,,,,,,,,,,,,,,,,,
,,,,,,60eb274540d8358b70fdbb1d,62c538bf54f3a38dea76a902,2022-07-06_09h34.23.132,Colour_Asymmetry_Pilot,2022.1.3,Win32,57.43495491,62c50e9c1127f2cd403a315f,,,,,,,,,,,,,,,,,,,,onethree,,3,1.5976,,,,,,,,,,,,,,,,,,,,,,,,,,,,,,,,,,"[-0.45899999999999996,-0.3256,-0.9374]","[-0.07459999999999989,0.12139999999999995,-0.9922]",90,27,1,0,0,response1disk,10,-6,1,0,0,rectangle,10,-6,1,0,0,2,1,0.0014,0,10,-6,1,0,0,0,87,87,138,1,57,second,,,,,,,,,,,,,,,,,,,,,,,,,,,,,,,,,,,,,,,,,,,,,,,,,,,,,,,,,,,,,,,,,,,,,,,,
,,,,,,60eb274540d8358b70fdbb1d,62c538bf54f3a38dea76a902,2022-07-06_09h34.23.132,Colour_Asymmetry_Pilot,2022.1.3,Win32,57.43495491,62c50e9c1127f2cd403a315f,,,,,,,,,,,,,,,,,,,,threefour,,-4,1.2874,,,,,,,,,,,,,,,,,,,,,,,,,,,,,,,,,,"[-0.6706000000000001,-0.6157999999999999,-0.6786]","[-0.48240000000000005,0.3175999999999999,0.2156]",-22,65,1,0,0,response7disk,-1,-15,1,0,0,rectangle,-1,-15,1,0,0,2,2,0.0014,0,-1,-15,1,0,0,0,88,88,61,1,61,first,,,,,,,,,,,,,,,,,,,,,,,,,,,,,,,,,,,,,,,,,,,,,,,,,,,,,,,,,,,,,,,,,,,,,,,,
,,,,,,60eb274540d8358b70fdbb1d,62c538bf54f3a38dea76a902,2022-07-06_09h34.23.132,Colour_Asymmetry_Pilot,2022.1.3,Win32,57.43495491,62c50e9c1127f2cd403a315f,,,,,,,,,,,,,,,,,,,,threeone,,-1,0.3851,,,,,,,,,,,,,,,,,,,,,,,,,,,,,,,,,,"[-0.4746,-0.0354000000000001,0.5449999999999999]","[0.5528,0.7409999999999999,-0.71]",-36,-55,1,0,0,response5disk,1,4,1,0,0,rectangle,1,4,1,0,0,2,3,0.001099998,0,1,4,1,0,0,0,89,89,8,1,8,first,,,,,,,,,,,,,,,,,,,,,,,,,,,,,,,,,,,,,,,,,,,,,,,,,,,,,,,,,,,,,,,,,,,,,,,,
,,,,,,60eb274540d8358b70fdbb1d,62c538bf54f3a38dea76a902,2022-07-06_09h34.23.132,Colour_Asymmetry_Pilot,2022.1.3,Win32,57.43495491,62c50e9c1127f2cd403a315f,,,,,,,,,,,,,,,,,,,,onethree,,-1,0.383,,,,,,,,,,,,,,,,,,,,,,,,,,,,,,,,,,"[0.9763999999999999,0.30979999999999985,-0.6786]","[0.4196,0.4665999999999999,0.3568]",-19,-38,1,0,0,response5disk,-8,-3,1,0,0,rectangle,-8,-3,1,0,0,2,1,0.001699999,0,-8,-3,1,0,0,0,90,90,117,1,36,second,,,,,,,,,,,,,,,,,,,,,,,,,,,,,,,,,,,,,,,,,,,,,,,,,,,,,,,,,,,,,,,,,,,,,,,,
,,,,,,60eb274540d8358b70fdbb1d,62c538bf54f3a38dea76a902,2022-07-06_09h34.23.132,Colour_Asymmetry_Pilot,2022.1.3,Win32,57.43495491,62c50e9c1127f2cd403a315f,,,,,,,,,,,,,,,,,,,,onetwo,,-1,0.302700001,,,,,,,,,,,,,,,,,,,,,,,,,,,,,,,,,,"[0.6547999999999998,-0.043199999999999905,-0.011800000000000033]","[-0.9766,-0.6472,0.07440000000000002]",-30,-51,1,0,0,response5disk,-9,7,1,0,0,rectangle,-9,7,1,0,0,2,3,0.002300001,0,-9,7,1,0,0,0,91,91,146,1,65,second,,,,,,,,,,,,,,,,,,,,,,,,,,,,,,,,,,,,,,,,,,,,,,,,,,,,,,,,,,,,,,,,,,,,,,,,
,,,,,,60eb274540d8358b70fdbb1d,62c538bf54f3a38dea76a902,2022-07-06_09h34.23.132,Colour_Asymmetry_Pilot,2022.1.3,Win32,57.43495491,62c50e9c1127f2cd403a315f,,,,,,,,,,,,,,,,,,,,threefour,,2,0.9215,,,,,,,,,,,,,,,,,,,,,,,,,,,,,,,,,,"[0.3568,-0.20799999999999996,-0.9844]","[0.6625999999999999,0.4980000000000002,-0.357]",50,-26,1,0,0,response3disk,6,-3,1,0,0,rectangle,6,-3,1,0,0,2,2,0.0015,0,6,-3,1,0,0,0,92,92,44,1,44,first,,,,,,,,,,,,,,,,,,,,,,,,,,,,,,,,,,,,,,,,,,,,,,,,,,,,,,,,,,,,,,,,,,,,,,,,
,,,,,,60eb274540d8358b70fdbb1d,62c538bf54f3a38dea76a902,2022-07-06_09h34.23.132,Colour_Asymmetry_Pilot,2022.1.3,Win32,57.43495491,62c50e9c1127f2cd403a315f,,,,,,,,,,,,,,,,,,,,threeone,,-1,1.8679,,,,,,,,,,,,,,,,,,,,,,,,,,,,,,,,,,"[-0.0040000000000000036,0.02739999999999987,-0.08239999999999992]","[0.23120000000000007,-0.7726,-0.34120000000000006]",-32,-71,1,0,0,response5disk,-5,0,1,0,0,rectangle,-5,0,1,0,0,2,1,0.0011,0,-5,0,1,0,0,0,93,93,98,1,17,second,,,,,,,,,,,,,,,,,,,,,,,,,,,,,,,,,,,,,,,,,,,,,,,,,,,,,,,,,,,,,,,,,,,,,,,,
,,,,,,60eb274540d8358b70fdbb1d,62c538bf54f3a38dea76a902,2022-07-06_09h34.23.132,Colour_Asymmetry_Pilot,2022.1.3,Win32,57.43495491,62c50e9c1127f2cd403a315f,,,,,,,,,,,,,,,,,,,,fourtwo,,-1,7.150300001,,,,,,,,,,,,,,,,,,,,,,,,,,,,,,,,,,"[-0.8198,-0.5138,-0.7492000000000001]","[-0.2942,-0.7648,-0.7492000000000001]",-27,-51,1,0,0,response5disk,1,-3,1,0,0,rectangle,1,-3,1,0,0,2,2,0.001200001,0,1,-3,1,0,0,0,94,94,156,1,75,second,,,,,,,,,,,,,,,,,,,,,,,,,,,,,,,,,,,,,,,,,,,,,,,,,,,,,,,,,,,,,,,,,,,,,,,,
,,,,,,60eb274540d8358b70fdbb1d,62c538bf54f3a38dea76a902,2022-07-06_09h34.23.132,Colour_Asymmetry_Pilot,2022.1.3,Win32,57.43495491,62c50e9c1127f2cd403a315f,,,,,,,,,,,,,,,,,,,,onethree,,-1,0.300200001,,,,,,,,,,,,,,,,,,,,,,,,,,,,,,,,,,"[-0.9296,-0.12959999999999994,-0.043199999999999905]","[-0.34920000000000007,-0.702,-0.5216]",-36,-45,1,0,0,response5disk,-7,-11,1,0,0,rectangle,-7,-11,1,0,0,2,2,0.000200001,0,-7,-11,1,0,0,0,95,95,145,1,64,second,,,,,,,,,,,,,,,,,,,,,,,,,,,,,,,,,,,,,,,,,,,,,,,,,,,,,,,,,,,,,,,,,,,,,,,,
,,,,,,60eb274540d8358b70fdbb1d,62c538bf54f3a38dea76a902,2022-07-06_09h34.23.132,Colour_Asymmetry_Pilot,2022.1.3,Win32,57.43495491,62c50e9c1127f2cd403a315f,,,,,,,,,,,,,,,,,,,,threefour,,-1,0.284599998,,,,,,,,,,,,,,,,,,,,,,,,,,,,,,,,,,"[-0.6942,-0.7648,-0.12959999999999994]","[-0.24719999999999998,0.5213999999999999,-0.12959999999999994]",-25,-63,1,0,0,response5disk,-3,-7,1,0,0,rectangle,-3,-7,1,0,0,2,3,0.001199999,0,-3,-7,1,0,0,0,96,96,81,1,0,second,,,,,,,,,,,,,,,,,,,,,,,,,,,,,,,,,,,,,,,,,,,,,,,,,,,,,,,,,,,,,,,,,,,,,,,,
,,,,,,60eb274540d8358b70fdbb1d,62c538bf54f3a38dea76a902,2022-07-06_09h34.23.132,Colour_Asymmetry_Pilot,2022.1.3,Win32,57.43495491,62c50e9c1127f2cd403a315f,,,,,,,,,,,,,,,,,,,,fourthree,,-1,0.3185,,,,,,,,,,,,,,,,,,,,,,,,,,,,,,,,,,"[-0.9766,-0.34920000000000007,0.2156]","[0.5528,0.7409999999999999,-0.71]",-31,-49,1,0,0,response5disk,-2,12,1,0,0,rectangle,72,-37,1,0,0,2,2,2.017799999,1,4,-5,1,0,0,0,97,97,104,1,23,second,response3disk_3,rectangle,,,,,,,,,,,,,,,,,,,,,,,,,,,,,,,,,,,,,,,,,,,,,,,,,,,,,,,,,,,,,,,,,,,,,,
,,,,,,60eb274540d8358b70fdbb1d,62c538bf54f3a38dea76a902,2022-07-06_09h34.23.132,Colour_Asymmetry_Pilot,2022.1.3,Win32,57.43495491,62c50e9c1127f2cd403a315f,,,,,,,,,,,,,,,,,,,,onethree,,3,1.417,,,,,,,,,,,,,,,,,,,,,,,,,,,,,,,,,,"[-0.26280000000000003,-0.2158,-0.3256]","[-0.4276,0.0038000000000000256,-0.3256]",68,45,1,0,0,response1disk,15,5,1,0,0,rectangle,15,5,1,0,0,2,2,0.000199999,0,15,5,1,0,0,0,98,98,129,1,48,second,,,,,,,,,,,,,,,,,,,,,,,,,,,,,,,,,,,,,,,,,,,,,,,,,,,,,,,,,,,,,,,,,,,,,,,,
,,,,,,60eb274540d8358b70fdbb1d,62c538bf54f3a38dea76a902,2022-07-06_09h34.23.132,Colour_Asymmetry_Pilot,2022.1.3,Win32,57.43495491,62c50e9c1127f2cd403a315f,,,,,,,,,,,,,,,,,,,,onetwo,,-1,0.525,,,,,,,,,,,,,,,,,,,,,,,,,,,,,,,,,,"[0.7018,0.7176,0.6155999999999999]","[0.8115999999999999,-0.0040000000000000036,-0.09819999999999995]",-29,-42,1,0,0,response5disk,-2,7,1,0,0,rectangle,-2,7,1,0,0,2,3,0.001200001,0,-2,7,1,0,0,0,99,99,124,1,43,second,,,,,,,,,,,,,,,,,,,,,,,,,,,,,,,,,,,,,,,,,,,,,,,,,,,,,,,,,,,,,,,,,,,,,,,,
,,,,,,60eb274540d8358b70fdbb1d,62c538bf54f3a38dea76a902,2022-07-06_09h34.23.132,Colour_Asymmetry_Pilot,2022.1.3,Win32,57.43495491,62c50e9c1127f2cd403a315f,,,,,,,,,,,,,,,,,,,,threeone,,-1,0.3179,,,,,,,,,,,,,,,,,,,,,,,,,,,,,,,,,,"[-0.20799999999999996,-0.655,-0.01980000000000004]","[-0.9688,-0.4902000000000001,-0.12159999999999993]",-22,-42,1,0,0,response5disk,3,13,1,0,0,rectangle,3,13,1,0,0,2,3,0.0006,0,3,13,1,0,0,0,100,100,52,1,52,first,,,,,,,,,,,,,,,,,,,,,,,,,,,,,,,,,,,,,,,,,,,,,,,,,,,,,,,,,,,,,,,,,,,,,,,,
,,,,,,60eb274540d8358b70fdbb1d,62c538bf54f3a38dea76a902,2022-07-06_09h34.23.132,Colour_Asymmetry_Pilot,2022.1.3,Win32,57.43495491,62c50e9c1127f2cd403a315f,,,,,,,,,,,,,,,,,,,,twofour,,-1,0.696,,,,,,,,,,,,,,,,,,,,,,,,,,,,,,,,,,"[-0.9688,-0.38039999999999996,-0.41979999999999995]","[0.18419999999999992,-0.4276,-0.404]",-23,-48,1,0,0,response5disk,-6,3,1,0,0,rectangle,-6,3,1,0,0,2,3,0.0001,0,-6,3,1,0,0,0,101,101,103,1,22,second,,,,,,,,,,,,,,,,,,,,,,,,,,,,,,,,,,,,,,,,,,,,,,,,,,,,,,,,,,,,,,,,,,,,,,,,
,,,,,,60eb274540d8358b70fdbb1d,62c538bf54f3a38dea76a902,2022-07-06_09h34.23.132,Colour_Asymmetry_Pilot,2022.1.3,Win32,57.43495491,62c50e9c1127f2cd403a315f,,,,,,,,,,,,,,,,,,,,threeone,,-2,7.6854,,,,,,,,,,,,,,,,,,,,,,,,,,,,,,,,,,"[0.6625999999999999,0.4980000000000002,-0.357]","[0.30180000000000007,-0.7884,-0.9844]",-92,-43,1,0,0,response5disk,-3,4,1,0,0,rectangle,-3,4,1,0,0,2,2,0.003,0,-3,4,1,0,0,0,102,102,27,1,27,first,,,,,,,,,,,,,,,,,,,,,,,,,,,,,,,,,,,,,,,,,,,,,,,,,,,,,,,,,,,,,,,,,,,,,,,,
,,,,,,60eb274540d8358b70fdbb1d,62c538bf54f3a38dea76a902,2022-07-06_09h34.23.132,Colour_Asymmetry_Pilot,2022.1.3,Win32,57.43495491,62c50e9c1127f2cd403a315f,,,,,,,,,,,,,,,,,,,,fourthree,,-1,0.326799999,,,,,,,,,,,,,,,,,,,,,,,,,,,,,,,,,,"[-0.01980000000000004,-0.5138,-0.38039999999999996]","[-0.9766,-0.6472,0.07440000000000002]",-33,-76,1,0,0,response5disk,3,6,1,0,0,rectangle,3,6,1,0,0,2,3,0.001300001,0,3,6,1,0,0,0,103,103,100,1,19,second,,,,,,,,,,,,,,,,,,,,,,,,,,,,,,,,,,,,,,,,,,,,,,,,,,,,,,,,,,,,,,,,,,,,,,,,
,,,,,,60eb274540d8358b70fdbb1d,62c538bf54f3a38dea76a902,2022-07-06_09h34.23.132,Colour_Asymmetry_Pilot,2022.1.3,Win32,57.43495491,62c50e9c1127f2cd403a315f,,,,,,,,,,,,,,,,,,,,threeone,,-1,0.8869,,,,,,,,,,,,,,,,,,,,,,,,,,,,,,,,,,"[0.30180000000000007,-0.7884,-0.9844]","[0.19199999999999995,0.18419999999999992,0.5136000000000001]",-28,-60,1,0,0,response5disk,-13,-4,1,0,0,rectangle,-13,-4,1,0,0,2,2,0.0016,0,-13,-4,1,0,0,0,104,104,18,1,18,first,,,,,,,,,,,,,,,,,,,,,,,,,,,,,,,,,,,,,,,,,,,,,,,,,,,,,,,,,,,,,,,,,,,,,,,,
,,,,,,60eb274540d8358b70fdbb1d,62c538bf54f3a38dea76a902,2022-07-06_09h34.23.132,Colour_Asymmetry_Pilot,2022.1.3,Win32,57.43495491,62c50e9c1127f2cd403a315f,,,,,,,,,,,,,,,,,,,,onethree,,-1,0.271200001,,,,,,,,,,,,,,,,,,,,,,,,,,,,,,,,,,"[0.12939999999999996,-0.2864,0.3253999999999999]","[-0.4746,-0.0354000000000001,0.5449999999999999]",-36,-61,1,0,0,response5disk,-12,-8,1,0,0,rectangle,-12,-8,1,0,0,2,3,0.001599998,0,-12,-8,1,0,0,0,105,105,92,1,11,second,,,,,,,,,,,,,,,,,,,,,,,,,,,,,,,,,,,,,,,,,,,,,,,,,,,,,,,,,,,,,,,,,,,,,,,,
,,,,,,60eb274540d8358b70fdbb1d,62c538bf54f3a38dea76a902,2022-07-06_09h34.23.132,Colour_Asymmetry_Pilot,2022.1.3,Win32,57.43495491,62c50e9c1127f2cd403a315f,,,,,,,,,,,,,,,,,,,,threeone,,-3,0.834900002,,,,,,,,,,,,,,,,,,,,,,,,,,,,,,,,,,"[0.9686000000000001,0.5763999999999998,0.11359999999999992]","[0.19199999999999995,0.18419999999999992,0.5136000000000001]",-58,31,1,0,0,response7disk,-4,-3,1,0,0,rectangle,-4,-3,1,0,0,2,3,0.0001,0,-4,-3,1,0,0,0,106,106,56,1,56,first,,,,,,,,,,,,,,,,,,,,,,,,,,,,,,,,,,,,,,,,,,,,,,,,,,,,,,,,,,,,,,,,,,,,,,,,
,,,,,,60eb274540d8358b70fdbb1d,62c538bf54f3a38dea76a902,2022-07-06_09h34.23.132,Colour_Asymmetry_Pilot,2022.1.3,Win32,57.43495491,62c50e9c1127f2cd403a315f,,,,,,,,,,,,,,,,,,,,twofour,,-1,0.3371,,,,,,,,,,,,,,,,,,,,,,,,,,,,,,,,,,"[0.6625999999999999,0.4980000000000002,-0.357]","[-0.6235999999999999,-0.6786,-0.08239999999999992]",-38,-71,1,0,0,response5disk,-8,-3,1,0,0,rectangle,-8,-3,1,0,0,2,2,0.001200001,0,-8,-3,1,0,0,0,107,107,94,1,13,second,,,,,,,,,,,,,,,,,,,,,,,,,,,,,,,,,,,,,,,,,,,,,,,,,,,,,,,,,,,,,,,,,,,,,,,,
,,,,,,60eb274540d8358b70fdbb1d,62c538bf54f3a38dea76a902,2022-07-06_09h34.23.132,Colour_Asymmetry_Pilot,2022.1.3,Win32,57.43495491,62c50e9c1127f2cd403a315f,,,,,,,,,,,,,,,,,,,,threefour,,-2,0.8015,,,,,,,,,,,,,,,,,,,,,,,,,,,,,,,,,,"[-0.10599999999999998,-0.10599999999999998,0.5841999999999998]","[0.2862,0.7802,0.3568]",-59,-31,1,0,0,response5disk,-4,-8,1,0,0,rectangle,-4,-8,1,0,0,2,1,0.001799999,0,-4,-8,1,0,0,0,108,108,87,1,6,second,,,,,,,,,,,,,,,,,,,,,,,,,,,,,,,,,,,,,,,,,,,,,,,,,,,,,,,,,,,,,,,,,,,,,,,,
,,,,,,60eb274540d8358b70fdbb1d,62c538bf54f3a38dea76a902,2022-07-06_09h34.23.132,Colour_Asymmetry_Pilot,2022.1.3,Win32,57.43495491,62c50e9c1127f2cd403a315f,,,,,,,,,,,,,,,,,,,,fourthree,,2,0.5671,,,,,,,,,,,,,,,,,,,,,,,,,,,,,,,,,,"[-0.07459999999999989,0.12139999999999995,-0.9922]","[-0.45899999999999996,-0.3256,-0.9374]",59,-30,1,0,0,response3disk,-3,-6,1,0,0,rectangle,-3,-6,1,0,0,2,1,0.000200001,0,-3,-6,1,0,0,0,109,109,57,1,57,first,,,,,,,,,,,,,,,,,,,,,,,,,,,,,,,,,,,,,,,,,,,,,,,,,,,,,,,,,,,,,,,,,,,,,,,,
,,,,,,60eb274540d8358b70fdbb1d,62c538bf54f3a38dea76a902,2022-07-06_09h34.23.132,Colour_Asymmetry_Pilot,2022.1.3,Win32,57.43495491,62c50e9c1127f2cd403a315f,,,,,,,,,,,,,,,,,,,,threefour,,-1,0.368199999,,,,,,,,,,,,,,,,,,,,,,,,,,,,,,,,,,"[0.0351999999999999,0.41159999999999997,0.0038000000000000256]","[-0.5922000000000001,-0.7492000000000001,-0.5296000000000001]",-33,-46,1,0,0,response5disk,-8,-2,1,0,0,rectangle,-8,-2,1,0,0,2,2,0.002,0,-8,-2,1,0,0,0,110,110,110,1,29,second,,,,,,,,,,,,,,,,,,,,,,,,,,,,,,,,,,,,,,,,,,,,,,,,,,,,,,,,,,,,,,,,,,,,,,,,
,,,,,,60eb274540d8358b70fdbb1d,62c538bf54f3a38dea76a902,2022-07-06_09h34.23.132,Colour_Asymmetry_Pilot,2022.1.3,Win32,57.43495491,62c50e9c1127f2cd403a315f,,,,,,,,,,,,,,,,,,,,twofour,,-1,0.5021,,,,,,,,,,,,,,,,,,,,,,,,,,,,,,,,,,"[-0.8198,-0.5138,-0.7492000000000001]","[0.9842,0.7409999999999999,-0.6628000000000001]",-20,-68,1,0,0,response5disk,-14,1,1,0,0,rectangle,-14,1,1,0,0,2,2,0.001199999,0,-14,1,1,0,0,0,111,111,59,1,59,first,,,,,,,,,,,,,,,,,,,,,,,,,,,,,,,,,,,,,,,,,,,,,,,,,,,,,,,,,,,,,,,,,,,,,,,,
,,,,,,60eb274540d8358b70fdbb1d,62c538bf54f3a38dea76a902,2022-07-06_09h34.23.132,Colour_Asymmetry_Pilot,2022.1.3,Win32,57.43495491,62c50e9c1127f2cd403a315f,,,,,,,,,,,,,,,,,,,,onetwo,,-4,1.279400002,,,,,,,,,,,,,,,,,,,,,,,,,,,,,,,,,,"[-0.8118,-0.8198,-0.5452]","[-0.06680000000000008,-0.45100000000000007,-0.906]",-25,45,1,0,0,response7disk,-10,-8,1,0,0,rectangle,-10,-8,1,0,0,2,1,0.001799999,0,-10,-8,1,0,0,0,112,112,25,1,25,first,,,,,,,,,,,,,,,,,,,,,,,,,,,,,,,,,,,,,,,,,,,,,,,,,,,,,,,,,,,,,,,,,,,,,,,,
,,,,,,60eb274540d8358b70fdbb1d,62c538bf54f3a38dea76a902,2022-07-06_09h34.23.132,Colour_Asymmetry_Pilot,2022.1.3,Win32,57.43495491,62c50e9c1127f2cd403a315f,,,,,,,,,,,,,,,,,,,,onetwo,,-1,0.337700001,,,,,,,,,,,,,,,,,,,,,,,,,,,,,,,,,,"[-0.9844,-0.9688,-0.9922]","[-0.7412000000000001,-0.08239999999999992,-0.6864]",-39,-53,1,0,0,response5disk,-18,-7,1,0,0,rectangle,-18,-7,1,0,0,2,2,0.001200001,0,-18,-7,1,0,0,0,113,113,123,1,42,second,,,,,,,,,,,,,,,,,,,,,,,,,,,,,,,,,,,,,,,,,,,,,,,,,,,,,,,,,,,,,,,,,,,,,,,,
,,,,,,60eb274540d8358b70fdbb1d,62c538bf54f3a38dea76a902,2022-07-06_09h34.23.132,Colour_Asymmetry_Pilot,2022.1.3,Win32,57.43495491,62c50e9c1127f2cd403a315f,,,,,,,,,,,,,,,,,,,,threeone,,-1,0.384700001,,,,,,,,,,,,,,,,,,,,,,,,,,,,,,,,,,"[-0.4902000000000001,0.2704,-0.45899999999999996]","[0.2784,-0.31000000000000005,-0.5452]",-28,-52,1,0,0,response5disk,-1,7,1,0,0,rectangle,-1,7,1,0,0,2,1,0.002799999,0,-1,7,1,0,0,0,114,114,155,1,74,second,,,,,,,,,,,,,,,,,,,,,,,,,,,,,,,,,,,,,,,,,,,,,,,,,,,,,,,,,,,,,,,,,,,,,,,,
,,,,,,60eb274540d8358b70fdbb1d,62c538bf54f3a38dea76a902,2022-07-06_09h34.23.132,Colour_Asymmetry_Pilot,2022.1.3,Win32,57.43495491,62c50e9c1127f2cd403a315f,,,,,,,,,,,,,,,,,,,,fourtwo,,-1,0.6154,,,,,,,,,,,,,,,,,,,,,,,,,,,,,,,,,,"[0.8115999999999999,-0.0040000000000000036,-0.09819999999999995]","[0.7018,0.7176,0.6155999999999999]",-21,-59,1,0,0,response5disk,-6,1,1,0,0,rectangle,-6,1,1,0,0,2,1,0.000299999,0,-6,1,1,0,0,0,115,115,71,1,71,first,,,,,,,,,,,,,,,,,,,,,,,,,,,,,,,,,,,,,,,,,,,,,,,,,,,,,,,,,,,,,,,,,,,,,,,,
,,,,,,60eb274540d8358b70fdbb1d,62c538bf54f3a38dea76a902,2022-07-06_09h34.23.132,Colour_Asymmetry_Pilot,2022.1.3,Win32,57.43495491,62c50e9c1127f2cd403a315f,,,,,,,,,,,,,,,,,,,,twofour,,-2,1.266700001,,,,,,,,,,,,,,,,,,,,,,,,,,,,,,,,,,"[-0.06680000000000008,-0.45100000000000007,-0.906]","[-0.8118,-0.8198,-0.5452]",-66,-28,1,0,0,response5disk,-11,-3,1,0,0,rectangle,-11,-3,1,0,0,2,3,0.001300001,0,-11,-3,1,0,0,0,116,116,106,1,25,second,,,,,,,,,,,,,,,,,,,,,,,,,,,,,,,,,,,,,,,,,,,,,,,,,,,,,,,,,,,,,,,,,,,,,,,,
,,,,,,60eb274540d8358b70fdbb1d,62c538bf54f3a38dea76a902,2022-07-06_09h34.23.132,Colour_Asymmetry_Pilot,2022.1.3,Win32,57.43495491,62c50e9c1127f2cd403a315f,,,,,,,,,,,,,,,,,,,,onethree,,4,1.184699999,,,,,,,,,,,,,,,,,,,,,,,,,,,,,,,,,,"[0.04299999999999993,0.16060000000000008,-0.6628000000000001]","[-0.8198,-0.5138,-0.7492000000000001]",28,65,1,0,0,response1disk,17,-11,1,0,0,rectangle,17,-11,1,0,0,2,3,0.0001,0,17,-11,1,0,0,0,117,117,95,1,14,second,,,,,,,,,,,,,,,,,,,,,,,,,,,,,,,,,,,,,,,,,,,,,,,,,,,,,,,,,,,,,,,,,,,,,,,,
,,,,,,60eb274540d8358b70fdbb1d,62c538bf54f3a38dea76a902,2022-07-06_09h34.23.132,Colour_Asymmetry_Pilot,2022.1.3,Win32,57.43495491,62c50e9c1127f2cd403a315f,,,,,,,,,,,,,,,,,,,,twoone,,-1,0.333099998,,,,,,,,,,,,,,,,,,,,,,,,,,,,,,,,,,"[0.5528,0.7409999999999999,-0.71]","[-0.9766,-0.34920000000000007,0.2156]",-33,-64,1,0,0,response5disk,1,12,1,0,0,rectangle,1,12,1,0,0,2,2,0.0016,0,1,12,1,0,0,0,118,118,23,1,23,first,,,,,,,,,,,,,,,,,,,,,,,,,,,,,,,,,,,,,,,,,,,,,,,,,,,,,,,,,,,,,,,,,,,,,,,,
,,,,,,60eb274540d8358b70fdbb1d,62c538bf54f3a38dea76a902,2022-07-06_09h34.23.132,Colour_Asymmetry_Pilot,2022.1.3,Win32,57.43495491,62c50e9c1127f2cd403a315f,,,,,,,,,,,,,,,,,,,,twoone,,-1,0.3545,,,,,,,,,,,,,,,,,,,,,,,,,,,,,,,,,,"[0.2784,-0.31000000000000005,-0.5452]","[-0.4902000000000001,0.2704,-0.45899999999999996]",-23,-36,1,0,0,response5disk,-7,6,1,0,0,rectangle,-7,6,1,0,0,2,3,0.0014,0,-7,6,1,0,0,0,119,119,74,1,74,first,,,,,,,,,,,,,,,,,,,,,,,,,,,,,,,,,,,,,,,,,,,,,,,,,,,,,,,,,,,,,,,,,,,,,,,,
,,,,,,60eb274540d8358b70fdbb1d,62c538bf54f3a38dea76a902,2022-07-06_09h34.23.132,Colour_Asymmetry_Pilot,2022.1.3,Win32,57.43495491,62c50e9c1127f2cd403a315f,,,,,,,,,,,,,,,,,,,,twofour,,-1,0.4679,,,,,,,,,,,,,,,,,,,,,,,,,,,,,,,,,,"[0.5449999999999999,-0.31000000000000005,-0.0354000000000001]","[-0.050999999999999934,-0.6706000000000001,-0.804]",-26,-32,1,0,0,response5disk,-6,7,1,0,0,rectangle,-6,7,1,0,0,2,1,0.001599998,0,-6,7,1,0,0,0,120,120,32,1,32,first,,,,,,,,,,,,,,,,,,,,,,,,,,,,,,,,,,,,,,,,,,,,,,,,,,,,,,,,,,,,,,,,,,,,,,,,
,,,,,,60eb274540d8358b70fdbb1d,62c538bf54f3a38dea76a902,2022-07-06_09h34.23.132,Colour_Asymmetry_Pilot,2022.1.3,Win32,57.43495491,62c50e9c1127f2cd403a315f,,,,,,,,,,,,,,,,,,,,threeone,,-3,0.617299999,,,,,,,,,,,,,,,,,,,,,,,,,,,,,,,,,,"[-0.9688,-0.38039999999999996,-0.41979999999999995]","[-0.30200000000000005,0.14500000000000002,0.2784]",-42,27,1,0,0,response7disk,-6,-5,1,0,0,rectangle,-6,-5,1,0,0,2,1,0.000200001,0,-6,-5,1,0,0,0,121,121,105,1,24,second,,,,,,,,,,,,,,,,,,,,,,,,,,,,,,,,,,,,,,,,,,,,,,,,,,,,,,,,,,,,,,,,,,,,,,,,
,,,,,,60eb274540d8358b70fdbb1d,62c538bf54f3a38dea76a902,2022-07-06_09h34.23.132,Colour_Asymmetry_Pilot,2022.1.3,Win32,57.43495491,62c50e9c1127f2cd403a315f,,,,,,,,,,,,,,,,,,,,threeone,,-1,0.317799999,,,,,,,,,,,,,,,,,,,,,,,,,,,,,,,,,,"[-0.9138,-0.5296000000000001,-0.5529999999999999]","[0.9372,0.9450000000000001,0.8980000000000001]",-25,-57,1,0,0,response5disk,-6,-1,1,0,0,rectangle,-6,-1,1,0,0,2,1,0.0001,0,-6,-1,1,0,0,0,122,122,4,1,4,first,,,,,,,,,,,,,,,,,,,,,,,,,,,,,,,,,,,,,,,,,,,,,,,,,,,,,,,,,,,,,,,,,,,,,,,,
,,,,,,60eb274540d8358b70fdbb1d,62c538bf54f3a38dea76a902,2022-07-06_09h34.23.132,Colour_Asymmetry_Pilot,2022.1.3,Win32,57.43495491,62c50e9c1127f2cd403a315f,,,,,,,,,,,,,,,,,,,,threeone,,1,0.505300001,,,,,,,,,,,,,,,,,,,,,,,,,,,,,,,,,,"[-0.4902000000000001,0.2704,-0.45899999999999996]","[-0.24719999999999998,0.5213999999999999,-0.12959999999999994]",27,-54,1,0,0,response3disk,5,-3,1,0,0,rectangle,5,-3,1,0,0,2,1,0,0,5,-3,1,0,0,0,123,123,53,1,53,first,,,,,,,,,,,,,,,,,,,,,,,,,,,,,,,,,,,,,,,,,,,,,,,,,,,,,,,,,,,,,,,,,,,,,,,,
,,,,,,60eb274540d8358b70fdbb1d,62c538bf54f3a38dea76a902,2022-07-06_09h34.23.132,Colour_Asymmetry_Pilot,2022.1.3,Win32,57.43495491,62c50e9c1127f2cd403a315f,,,,,,,,,,,,,,,,,,,,fourthree,,3,0.8346,,,,,,,,,,,,,,,,,,,,,,,,,,,,,,,,,,"[-0.9766,-0.6472,0.07440000000000002]","[-0.9688,-0.7412000000000001,-0.4902000000000001]",66,32,1,0,0,response1disk,10,2,1,0,0,rectangle,10,2,1,0,0,2,1,0.000200001,0,10,2,1,0,0,0,124,124,114,1,33,second,,,,,,,,,,,,,,,,,,,,,,,,,,,,,,,,,,,,,,,,,,,,,,,,,,,,,,,,,,,,,,,,,,,,,,,,
,,,,,,60eb274540d8358b70fdbb1d,62c538bf54f3a38dea76a902,2022-07-06_09h34.23.132,Colour_Asymmetry_Pilot,2022.1.3,Win32,57.43495491,62c50e9c1127f2cd403a315f,,,,,,,,,,,,,,,,,,,,onethree,,-2,1.234300001,,,,,,,,,,,,,,,,,,,,,,,,,,,,,,,,,,"[-0.8198,-0.5138,-0.7492000000000001]","[-0.011800000000000033,-0.906,-0.45100000000000007]",-52,-19,1,0,0,response5disk,-9,-1,1,0,0,rectangle,-9,-1,1,0,0,2,2,0.0009,0,-9,-1,1,0,0,0,125,125,67,1,67,first,,,,,,,,,,,,,,,,,,,,,,,,,,,,,,,,,,,,,,,,,,,,,,,,,,,,,,,,,,,,,,,,,,,,,,,,
,,,,,,60eb274540d8358b70fdbb1d,62c538bf54f3a38dea76a902,2022-07-06_09h34.23.132,Colour_Asymmetry_Pilot,2022.1.3,Win32,57.43495491,62c50e9c1127f2cd403a315f,,,,,,,,,,,,,,,,,,,,twoone,,-2,0.3566,,,,,,,,,,,,,,,,,,,,,,,,,,,,,,,,,,"[-0.011800000000000033,-0.906,-0.45100000000000007]","[-0.8198,-0.5138,-0.7492000000000001]",-61,-40,1,0,0,response5disk,-11,-10,1,0,0,rectangle,-11,-10,1,0,0,2,2,0.000200001,0,-11,-10,1,0,0,0,126,126,148,1,67,second,,,,,,,,,,,,,,,,,,,,,,,,,,,,,,,,,,,,,,,,,,,,,,,,,,,,,,,,,,,,,,,,,,,,,,,,
,,,,,,60eb274540d8358b70fdbb1d,62c538bf54f3a38dea76a902,2022-07-06_09h34.23.132,Colour_Asymmetry_Pilot,2022.1.3,Win32,57.43495491,62c50e9c1127f2cd403a315f,,,,,,,,,,,,,,,,,,,,twoone,,-1,0.4665,,,,,,,,,,,,,,,,,,,,,,,,,,,,,,,,,,"[0.9763999999999999,-0.1137999999999999,-0.6314]","[-0.8198,-0.5138,-0.7492000000000001]",-36,-56,1,0,0,response5disk,-16,-2,1,0,0,rectangle,-16,-2,1,0,0,2,2,0.0001,0,-16,-2,1,0,0,0,127,127,93,1,12,second,,,,,,,,,,,,,,,,,,,,,,,,,,,,,,,,,,,,,,,,,,,,,,,,,,,,,,,,,,,,,,,,,,,,,,,,
,,,,,,60eb274540d8358b70fdbb1d,62c538bf54f3a38dea76a902,2022-07-06_09h34.23.132,Colour_Asymmetry_Pilot,2022.1.3,Win32,57.43495491,62c50e9c1127f2cd403a315f,,,,,,,,,,,,,,,,,,,,twoone,,-1,0.385200001,,,,,,,,,,,,,,,,,,,,,,,,,,,,,,,,,,"[0.7802,-0.23140000000000005,-0.20799999999999996]","[-0.26280000000000003,-0.2158,-0.3256]",-31,-50,1,0,0,response5disk,-13,0,1,0,0,rectangle,-13,0,1,0,0,2,1,0.0031,0,-13,0,1,0,0,0,128,128,118,1,37,second,,,,,,,,,,,,,,,,,,,,,,,,,,,,,,,,,,,,,,,,,,,,,,,,,,,,,,,,,,,,,,,,,,,,,,,,
,,,,,,60eb274540d8358b70fdbb1d,62c538bf54f3a38dea76a902,2022-07-06_09h34.23.132,Colour_Asymmetry_Pilot,2022.1.3,Win32,57.43495491,62c50e9c1127f2cd403a315f,,,,,,,,,,,,,,,,,,,,onethree,,-1,0.402199999,,,,,,,,,,,,,,,,,,,,,,,,,,,,,,,,,,"[-0.9766,-0.6472,0.07440000000000002]","[-0.01980000000000004,-0.5138,-0.38039999999999996]",-31,-59,1,0,0,response5disk,-2,8,1,0,0,rectangle,-2,8,1,0,0,2,3,0.000700001,0,-2,8,1,0,0,0,129,129,19,1,19,first,,,,,,,,,,,,,,,,,,,,,,,,,,,,,,,,,,,,,,,,,,,,,,,,,,,,,,,,,,,,,,,,,,,,,,,,
,,,,,,60eb274540d8358b70fdbb1d,62c538bf54f3a38dea76a902,2022-07-06_09h34.23.132,Colour_Asymmetry_Pilot,2022.1.3,Win32,57.43495491,62c50e9c1127f2cd403a315f,,,,,,,,,,,,,,,,,,,,threefour,,3,0.679200001,,,,,,,,,,,,,,,,,,,,,,,,,,,,,,,,,,"[-0.4668,-0.8746,-0.2942]","[-0.01980000000000004,-0.5138,-0.38039999999999996]",74,52,1,0,0,response1disk,11,-10,1,0,0,rectangle,94,41,1,0,0,3,3,1.9165,1,-2,-5,1,0,0,0,130,130,55,1,55,first,response1disk_3,rectangle,,,,,,,,,,,,,,,,,,,,,,,,,,,,,,,,,,,,,,,,,,,,,,,,,,,,,,,,,,,,,,,,,,,,,,
,,,,,,60eb274540d8358b70fdbb1d,62c538bf54f3a38dea76a902,2022-07-06_09h34.23.132,Colour_Asymmetry_Pilot,2022.1.3,Win32,57.43495491,62c50e9c1127f2cd403a315f,,,,,,,,,,,,,,,,,,,,fourtwo,,-1,4.4281,,,,,,,,,,,,,,,,,,,,,,,,,,,,,,,,,,"[-0.48240000000000005,0.3175999999999999,0.2156]","[-0.06680000000000008,-0.45100000000000007,-0.906]",-35,-84,1,0,0,response5disk,-4,-6,1,0,0,rectangle,-4,-6,1,0,0,3,3,0.0001,0,-4,-6,1,0,0,0,131,131,46,1,46,first,,,,,,,,,,,,,,,,,,,,,,,,,,,,,,,,,,,,,,,,,,,,,,,,,,,,,,,,,,,,,,,,,,,,,,,,
,,,,,,60eb274540d8358b70fdbb1d,62c538bf54f3a38dea76a902,2022-07-06_09h34.23.132,Colour_Asymmetry_Pilot,2022.1.3,Win32,57.43495491,62c50e9c1127f2cd403a315f,,,,,,,,,,,,,,,,,,,,fourtwo,,-1,0.3176,,,,,,,,,,,,,,,,,,,,,,,,,,,,,,,,,,"[-0.5922000000000001,-0.7492000000000001,-0.5296000000000001]","[0.0351999999999999,0.41159999999999997,0.0038000000000000256]",-33,-84,1,0,0,response5disk,4,11,1,0,0,rectangle,4,11,1,0,0,3,2,0.000900002,0,4,11,1,0,0,0,132,132,29,1,29,first,,,,,,,,,,,,,,,,,,,,,,,,,,,,,,,,,,,,,,,,,,,,,,,,,,,,,,,,,,,,,,,,,,,,,,,,
,,,,,,60eb274540d8358b70fdbb1d,62c538bf54f3a38dea76a902,2022-07-06_09h34.23.132,Colour_Asymmetry_Pilot,2022.1.3,Win32,57.43495491,62c50e9c1127f2cd403a315f,,,,,,,,,,,,,,,,,,,,fourthree,,-1,0.4505,,,,,,,,,,,,,,,,,,,,,,,,,,,,,,,,,,"[0.3802000000000001,0.19199999999999995,-0.6394]","[-0.8118,-0.8198,-0.5452]",-40,-59,1,0,0,response5disk,-6,13,1,0,0,rectangle,-6,13,1,0,0,3,3,0.0009,0,-6,13,1,0,0,0,133,133,107,1,26,second,,,,,,,,,,,,,,,,,,,,,,,,,,,,,,,,,,,,,,,,,,,,,,,,,,,,,,,,,,,,,,,,,,,,,,,,
,,,,,,60eb274540d8358b70fdbb1d,62c538bf54f3a38dea76a902,2022-07-06_09h34.23.132,Colour_Asymmetry_Pilot,2022.1.3,Win32,57.43495491,62c50e9c1127f2cd403a315f,,,,,,,,,,,,,,,,,,,,twofour,,4,0.9359,,,,,,,,,,,,,,,,,,,,,,,,,,,,,,,,,,"[-0.8198,-0.5138,-0.7492000000000001]","[0.04299999999999993,0.16060000000000008,-0.6628000000000001]",31,68,1,0,0,response1disk,9,-11,1,0,0,rectangle,9,-11,1,0,0,3,1,0.001299999,0,9,-11,1,0,0,0,134,134,14,1,14,first,,,,,,,,,,,,,,,,,,,,,,,,,,,,,,,,,,,,,,,,,,,,,,,,,,,,,,,,,,,,,,,,,,,,,,,,
,,,,,,60eb274540d8358b70fdbb1d,62c538bf54f3a38dea76a902,2022-07-06_09h34.23.132,Colour_Asymmetry_Pilot,2022.1.3,Win32,57.43495491,62c50e9c1127f2cd403a315f,,,,,,,,,,,,,,,,,,,,onethree,,3,0.9495,,,,,,,,,,,,,,,,,,,,,,,,,,,,,,,,,,"[0.2784,-0.31000000000000005,-0.5452]","[-0.2942,-0.7648,-0.7492000000000001]",60,41,1,0,0,response1disk,5,-4,1,0,0,rectangle,5,-4,1,0,0,3,2,0.000800001,0,5,-4,1,0,0,0,135,135,2,1,2,first,,,,,,,,,,,,,,,,,,,,,,,,,,,,,,,,,,,,,,,,,,,,,,,,,,,,,,,,,,,,,,,,,,,,,,,,
,,,,,,60eb274540d8358b70fdbb1d,62c538bf54f3a38dea76a902,2022-07-06_09h34.23.132,Colour_Asymmetry_Pilot,2022.1.3,Win32,57.43495491,62c50e9c1127f2cd403a315f,,,,,,,,,,,,,,,,,,,,twofour,,-1,0.3159,,,,,,,,,,,,,,,,,,,,,,,,,,,,,,,,,,"[-0.9766,-0.6472,0.07440000000000002]","[0.6547999999999998,-0.043199999999999905,-0.011800000000000033]",-28,-56,1,0,0,response5disk,-1,-5,1,0,0,rectangle,-1,-5,1,0,0,3,2,0.0001,0,-1,-5,1,0,0,0,136,136,65,1,65,first,,,,,,,,,,,,,,,,,,,,,,,,,,,,,,,,,,,,,,,,,,,,,,,,,,,,,,,,,,,,,,,,,,,,,,,,
,,,,,,60eb274540d8358b70fdbb1d,62c538bf54f3a38dea76a902,2022-07-06_09h34.23.132,Colour_Asymmetry_Pilot,2022.1.3,Win32,57.43495491,62c50e9c1127f2cd403a315f,,,,,,,,,,,,,,,,,,,,twoone,,-1,0.497299999,,,,,,,,,,,,,,,,,,,,,,,,,,,,,,,,,,"[0.9372,0.20779999999999998,0.2704]","[0.9763999999999999,0.30979999999999985,-0.6786]",-21,-56,1,0,0,response5disk,-12,-5,1,0,0,rectangle,-12,-5,1,0,0,3,3,0.001199999,0,-12,-5,1,0,0,0,137,137,1,1,1,first,,,,,,,,,,,,,,,,,,,,,,,,,,,,,,,,,,,,,,,,,,,,,,,,,,,,,,,,,,,,,,,,,,,,,,,,
,,,,,,60eb274540d8358b70fdbb1d,62c538bf54f3a38dea76a902,2022-07-06_09h34.23.132,Colour_Asymmetry_Pilot,2022.1.3,Win32,57.43495491,62c50e9c1127f2cd403a315f,,,,,,,,,,,,,,,,,,,,fourtwo,,2,0.4006,,,,,,,,,,,,,,,,,,,,,,,,,,,,,,,,,,"[-0.9688,-0.7412000000000001,-0.4902000000000001]","[-0.9766,-0.6472,0.07440000000000002]",67,-31,1,0,0,response3disk,-3,-5,1,0,0,rectangle,-3,-5,1,0,0,3,2,0.009,0,-3,-5,1,0,0,0,138,138,33,1,33,first,,,,,,,,,,,,,,,,,,,,,,,,,,,,,,,,,,,,,,,,,,,,,,,,,,,,,,,,,,,,,,,,,,,,,,,,
,,,,,,60eb274540d8358b70fdbb1d,62c538bf54f3a38dea76a902,2022-07-06_09h34.23.132,Colour_Asymmetry_Pilot,2022.1.3,Win32,57.43495491,62c50e9c1127f2cd403a315f,,,,,,,,,,,,,,,,,,,,threeone,,-1,0.3045,,,,,,,,,,,,,,,,,,,,,,,,,,,,,,,,,,"[-0.4668,-0.8746,-0.2942]","[0.3568,-0.20799999999999996,-0.9844]",-44,-68,1,0,0,response5disk,-19,-3,1,0,0,rectangle,79,-38,1,0,0,2,2,2.169299999,1,8,-1,1,0,0,0,139,139,76,1,76,first,response3disk_3,rectangle,,,,,,,,,,,,,,,,,,,,,,,,,,,,,,,,,,,,,,,,,,,,,,,,,,,,,,,,,,,,,,,,,,,,,,
,,,,,,60eb274540d8358b70fdbb1d,62c538bf54f3a38dea76a902,2022-07-06_09h34.23.132,Colour_Asymmetry_Pilot,2022.1.3,Win32,57.43495491,62c50e9c1127f2cd403a315f,,,,,,,,,,,,,,,,,,,,threeone,,-1,0.9001,,,,,,,,,,,,,,,,,,,,,,,,,,,,,,,,,,"[-0.6706000000000001,-0.6157999999999999,-0.6786]","[-0.9766,-0.6472,0.07440000000000002]",-33,-72,1,0,0,response5disk,1,-2,1,0,0,rectangle,1,-2,1,0,0,2,1,0.0011,0,1,-2,1,0,0,0,140,140,62,1,62,first,,,,,,,,,,,,,,,,,,,,,,,,,,,,,,,,,,,,,,,,,,,,,,,,,,,,,,,,,,,,,,,,,,,,,,,,
,,,,,,60eb274540d8358b70fdbb1d,62c538bf54f3a38dea76a902,2022-07-06_09h34.23.132,Colour_Asymmetry_Pilot,2022.1.3,Win32,57.43495491,62c50e9c1127f2cd403a315f,,,,,,,,,,,,,,,,,,,,threeone,,-1,5.924599998,,,,,,,,,,,,,,,,,,,,,,,,,,,,,,,,,,"[0.3568,-0.20799999999999996,-0.9844]","[-0.6,0.16860000000000008,0.44300000000000006]",-28,-78,1,0,0,response5disk,5,2,1,0,0,rectangle,5,2,1,0,0,2,3,0.0036,0,5,2,1,0,0,0,141,141,121,1,40,second,,,,,,,,,,,,,,,,,,,,,,,,,,,,,,,,,,,,,,,,,,,,,,,,,,,,,,,,,,,,,,,,,,,,,,,,
,,,,,,60eb274540d8358b70fdbb1d,62c538bf54f3a38dea76a902,2022-07-06_09h34.23.132,Colour_Asymmetry_Pilot,2022.1.3,Win32,57.43495491,62c50e9c1127f2cd403a315f,,,,,,,,,,,,,,,,,,,,onethree,,-1,0.313900002,,,,,,,,,,,,,,,,,,,,,,,,,,,,,,,,,,"[0.3568,-0.20799999999999996,-0.9844]","[-0.6235999999999999,-0.6786,-0.08239999999999992]",-42,-75,1,0,0,response5disk,-6,-5,1,0,0,rectangle,-6,-5,1,0,0,2,2,0.0019,0,-6,-5,1,0,0,0,142,142,30,1,30,first,,,,,,,,,,,,,,,,,,,,,,,,,,,,,,,,,,,,,,,,,,,,,,,,,,,,,,,,,,,,,,,,,,,,,,,,
,,,,,,60eb274540d8358b70fdbb1d,62c538bf54f3a38dea76a902,2022-07-06_09h34.23.132,Colour_Asymmetry_Pilot,2022.1.3,Win32,57.43495491,62c50e9c1127f2cd403a315f,,,,,,,,,,,,,,,,,,,,onethree,,-2,0.4155,,,,,,,,,,,,,,,,,,,,,,,,,,,,,,,,,,"[0.2862,0.7802,0.3568]","[-0.10599999999999998,-0.10599999999999998,0.5841999999999998]",-62,-35,1,0,0,response5disk,0,10,1,0,0,rectangle,0,10,1,0,0,2,1,0.002200001,0,0,10,1,0,0,0,143,143,6,1,6,first,,,,,,,,,,,,,,,,,,,,,,,,,,,,,,,,,,,,,,,,,,,,,,,,,,,,,,,,,,,,,,,,,,,,,,,,
,,,,,,60eb274540d8358b70fdbb1d,62c538bf54f3a38dea76a902,2022-07-06_09h34.23.132,Colour_Asymmetry_Pilot,2022.1.3,Win32,57.43495491,62c50e9c1127f2cd403a315f,,,,,,,,,,,,,,,,,,,,fourtwo,,-1,0.271,,,,,,,,,,,,,,,,,,,,,,,,,,,,,,,,,,"[-0.8198,-0.5138,-0.7492000000000001]","[0.9763999999999999,-0.1137999999999999,-0.6314]",-23,-78,1,0,0,response5disk,-5,-7,1,0,0,rectangle,-5,-7,1,0,0,2,3,0.000700001,0,-5,-7,1,0,0,0,144,144,12,1,12,first,,,,,,,,,,,,,,,,,,,,,,,,,,,,,,,,,,,,,,,,,,,,,,,,,,,,,,,,,,,,,,,,,,,,,,,,
,,,,,,60eb274540d8358b70fdbb1d,62c538bf54f3a38dea76a902,2022-07-06_09h34.23.132,Colour_Asymmetry_Pilot,2022.1.3,Win32,57.43495491,62c50e9c1127f2cd403a315f,,,,,,,,,,,,,,,,,,,,twoone,,-2,0.9794,,,,,,,,,,,,,,,,,,,,,,,,,,,,,,,,,,"[-0.06680000000000008,-0.45100000000000007,-0.906]","[-0.01980000000000004,-0.5138,-0.38039999999999996]",-71,-30,1,0,0,response5disk,-13,-2,1,0,0,rectangle,-13,-2,1,0,0,2,3,9.99985E-05,0,-13,-2,1,0,0,0,145,145,41,1,41,first,,,,,,,,,,,,,,,,,,,,,,,,,,,,,,,,,,,,,,,,,,,,,,,,,,,,,,,,,,,,,,,,,,,,,,,,
,,,,,,60eb274540d8358b70fdbb1d,62c538bf54f3a38dea76a902,2022-07-06_09h34.23.132,Colour_Asymmetry_Pilot,2022.1.3,Win32,57.43495491,62c50e9c1127f2cd403a315f,,,,,,,,,,,,,,,,,,,,onetwo,,-1,0.303299999,,,,,,,,,,,,,,,,,,,,,,,,,,,,,,,,,,"[-0.38039999999999996,-0.4276,-0.1452]","[0.3802000000000001,0.19199999999999995,-0.6394]",-46,-75,1,0,0,response5disk,-19,-8,1,0,0,rectangle,-19,-8,1,0,0,2,3,0.0006,0,-19,-8,1,0,0,0,146,146,58,1,58,first,,,,,,,,,,,,,,,,,,,,,,,,,,,,,,,,,,,,,,,,,,,,,,,,,,,,,,,,,,,,,,,,,,,,,,,,
,,,,,,60eb274540d8358b70fdbb1d,62c538bf54f3a38dea76a902,2022-07-06_09h34.23.132,Colour_Asymmetry_Pilot,2022.1.3,Win32,57.43495491,62c50e9c1127f2cd403a315f,,,,,,,,,,,,,,,,,,,,twofour,,-1,0.449700001,,,,,,,,,,,,,,,,,,,,,,,,,,,,,,,,,,"[-0.6235999999999999,-0.6786,-0.08239999999999992]","[0.6625999999999999,0.4980000000000002,-0.357]",-31,-65,1,0,0,response5disk,-12,-3,1,0,0,rectangle,-12,-3,1,0,0,2,2,0.0016,0,-12,-3,1,0,0,0,147,147,13,1,13,first,,,,,,,,,,,,,,,,,,,,,,,,,,,,,,,,,,,,,,,,,,,,,,,,,,,,,,,,,,,,,,,,,,,,,,,,
,,,,,,60eb274540d8358b70fdbb1d,62c538bf54f3a38dea76a902,2022-07-06_09h34.23.132,Colour_Asymmetry_Pilot,2022.1.3,Win32,57.43495491,62c50e9c1127f2cd403a315f,,,,,,,,,,,,,,,,,,,,fourtwo,,-1,0.587199999,,,,,,,,,,,,,,,,,,,,,,,,,,,,,,,,,,"[-0.30200000000000005,0.14500000000000002,0.2784]","[0.09799999999999986,-0.24719999999999998,0.15280000000000005]",-27,-66,1,0,0,response5disk,-16,-9,1,0,0,rectangle,-16,-9,1,0,0,2,2,0.000199999,0,-16,-9,1,0,0,0,148,148,5,1,5,first,,,,,,,,,,,,,,,,,,,,,,,,,,,,,,,,,,,,,,,,,,,,,,,,,,,,,,,,,,,,,,,,,,,,,,,,
,,,,,,60eb274540d8358b70fdbb1d,62c538bf54f3a38dea76a902,2022-07-06_09h34.23.132,Colour_Asymmetry_Pilot,2022.1.3,Win32,57.43495491,62c50e9c1127f2cd403a315f,,,,,,,,,,,,,,,,,,,,twofour,,-1,0.286799999,,,,,,,,,,,,,,,,,,,,,,,,,,,,,,,,,,"[0.09799999999999986,-0.24719999999999998,0.15280000000000005]","[-0.09019999999999995,0.44300000000000006,0.5371999999999999]",-32,-72,1,0,0,response5disk,-6,0,1,0,0,rectangle,-6,0,1,0,0,2,1,0.0029,0,-6,0,1,0,0,0,149,149,96,1,15,second,,,,,,,,,,,,,,,,,,,,,,,,,,,,,,,,,,,,,,,,,,,,,,,,,,,,,,,,,,,,,,,,,,,,,,,,
,,,,,,60eb274540d8358b70fdbb1d,62c538bf54f3a38dea76a902,2022-07-06_09h34.23.132,Colour_Asymmetry_Pilot,2022.1.3,Win32,57.43495491,62c50e9c1127f2cd403a315f,,,,,,,,,,,,,,,,,,,,onethree,,-1,0.293400002,,,,,,,,,,,,,,,,,,,,,,,,,,,,,,,,,,"[0.7018,0.7176,0.6155999999999999]","[0.8274000000000001,-0.5844,-0.9452]",-22,-41,1,0,0,response5disk,-10,-7,1,0,0,rectangle,81,-39,1,0,0,2,2,1.8681,1,7,-12,1,0,0,0,150,150,160,1,79,second,response3disk_3,rectangle,,,,,,,,,,,,,,,,,,,,,,,,,,,,,,,,,,,,,,,,,,,,,,,,,,,,,,,,,,,,,,,,,,,,,,
,,,,,,60eb274540d8358b70fdbb1d,62c538bf54f3a38dea76a902,2022-07-06_09h34.23.132,Colour_Asymmetry_Pilot,2022.1.3,Win32,57.43495491,62c50e9c1127f2cd403a315f,,,,,,,,,,,,,,,,,,,,onetwo,,-1,0.351799999,,,,,,,,,,,,,,,,,,,,,,,,,,,,,,,,,,"[0.09799999999999986,-0.24719999999999998,0.15280000000000005]","[0.7176,-0.906,-0.6864]",-24,-60,1,0,0,response5disk,-6,0,1,0,0,rectangle,-6,0,1,0,0,2,3,0.001299999,0,-6,0,1,0,0,0,151,151,39,1,39,first,,,,,,,,,,,,,,,,,,,,,,,,,,,,,,,,,,,,,,,,,,,,,,,,,,,,,,,,,,,,,,,,,,,,,,,,
,,,,,,60eb274540d8358b70fdbb1d,62c538bf54f3a38dea76a902,2022-07-06_09h34.23.132,Colour_Asymmetry_Pilot,2022.1.3,Win32,57.43495491,62c50e9c1127f2cd403a315f,,,,,,,,,,,,,,,,,,,,onetwo,,-1,0.2694,,,,,,,,,,,,,,,,,,,,,,,,,,,,,,,,,,"[-0.9688,-0.4902000000000001,-0.12159999999999993]","[0.40379999999999994,0.09000000000000008,0.44300000000000006]",-32,-59,1,0,0,response5disk,-10,-3,1,0,0,rectangle,-10,-3,1,0,0,2,1,0.000799999,0,-10,-3,1,0,0,0,152,152,84,1,3,second,,,,,,,,,,,,,,,,,,,,,,,,,,,,,,,,,,,,,,,,,,,,,,,,,,,,,,,,,,,,,,,,,,,,,,,,
,,,,,,60eb274540d8358b70fdbb1d,62c538bf54f3a38dea76a902,2022-07-06_09h34.23.132,Colour_Asymmetry_Pilot,2022.1.3,Win32,57.43495491,62c50e9c1127f2cd403a315f,,,,,,,,,,,,,,,,,,,,fourtwo,,3,1.9196,,,,,,,,,,,,,,,,,,,,,,,,,,,,,,,,,,"[-0.30200000000000005,0.14500000000000002,0.2784]","[0.05879999999999996,0.2784,0.5841999999999998]",73,33,1,0,0,response1disk,6,4,1,0,0,rectangle,6,4,1,0,0,2,2,0.0011,0,6,4,1,0,0,0,153,153,70,1,70,first,,,,,,,,,,,,,,,,,,,,,,,,,,,,,,,,,,,,,,,,,,,,,,,,,,,,,,,,,,,,,,,,,,,,,,,,
,,,,,,60eb274540d8358b70fdbb1d,62c538bf54f3a38dea76a902,2022-07-06_09h34.23.132,Colour_Asymmetry_Pilot,2022.1.3,Win32,57.43495491,62c50e9c1127f2cd403a315f,,,,,,,,,,,,,,,,,,,,onetwo,,3,0.7339,,,,,,,,,,,,,,,,,,,,,,,,,,,,,,,,,,"[-0.4276,0.0038000000000000256,-0.3256]","[-0.26280000000000003,-0.2158,-0.3256]",77,33,1,0,0,response1disk,17,4,1,0,0,rectangle,17,4,1,0,0,2,1,0.0009,0,17,4,1,0,0,0,154,154,48,1,48,first,,,,,,,,,,,,,,,,,,,,,,,,,,,,,,,,,,,,,,,,,,,,,,,,,,,,,,,,,,,,,,,,,,,,,,,,
,,,,,,60eb274540d8358b70fdbb1d,62c538bf54f3a38dea76a902,2022-07-06_09h34.23.132,Colour_Asymmetry_Pilot,2022.1.3,Win32,57.43495491,62c50e9c1127f2cd403a315f,,,,,,,,,,,,,,,,,,,,fourtwo,,-1,0.366699999,,,,,,,,,,,,,,,,,,,,,,,,,,,,,,,,,,"[1,0.12939999999999996,-1]","[-0.011800000000000033,-0.906,-0.45100000000000007]",-19,-56,1,0,0,response5disk,2,4,1,0,0,rectangle,2,4,1,0,0,2,3,0.0015,0,2,4,1,0,0,0,155,155,150,1,69,second,,,,,,,,,,,,,,,,,,,,,,,,,,,,,,,,,,,,,,,,,,,,,,,,,,,,,,,,,,,,,,,,,,,,,,,,
,,,,,,60eb274540d8358b70fdbb1d,62c538bf54f3a38dea76a902,2022-07-06_09h34.23.132,Colour_Asymmetry_Pilot,2022.1.3,Win32,57.43495491,62c50e9c1127f2cd403a315f,,,,,,,,,,,,,,,,,,,,fourtwo,,-1,0.3169,,,,,,,,,,,,,,,,,,,,,,,,,,,,,,,,,,"[-0.09019999999999995,0.44300000000000006,0.5371999999999999]","[0.09799999999999986,-0.24719999999999998,0.15280000000000005]",-25,-58,1,0,0,response5disk,8,10,1,0,0,rectangle,8,10,1,0,0,2,1,0.0014,0,8,10,1,0,0,0,156,156,15,1,15,first,,,,,,,,,,,,,,,,,,,,,,,,,,,,,,,,,,,,,,,,,,,,,,,,,,,,,,,,,,,,,,,,,,,,,,,,
,,,,,,60eb274540d8358b70fdbb1d,62c538bf54f3a38dea76a902,2022-07-06_09h34.23.132,Colour_Asymmetry_Pilot,2022.1.3,Win32,57.43495491,62c50e9c1127f2cd403a315f,,,,,,,,,,,,,,,,,,,,threefour,,-1,0.282800001,,,,,,,,,,,,,,,,,,,,,,,,,,,,,,,,,,"[-0.9296,-0.12959999999999994,-0.043199999999999905]","[0.6547999999999998,-0.043199999999999905,-0.011800000000000033]",-21,-47,1,0,0,response5disk,-9,2,1,0,0,rectangle,-9,2,1,0,0,2,2,0.001200001,0,-9,2,1,0,0,0,157,157,21,1,21,first,,,,,,,,,,,,,,,,,,,,,,,,,,,,,,,,,,,,,,,,,,,,,,,,,,,,,,,,,,,,,,,,,,,,,,,,
,,,,,,60eb274540d8358b70fdbb1d,62c538bf54f3a38dea76a902,2022-07-06_09h34.23.132,Colour_Asymmetry_Pilot,2022.1.3,Win32,57.43495491,62c50e9c1127f2cd403a315f,,,,,,,,,,,,,,,,,,,,twofour,,-1,0.2676,,,,,,,,,,,,,,,,,,,,,,,,,,,,,,,,,,"[0.3802000000000001,0.19199999999999995,-0.6394]","[-0.09019999999999995,0.44300000000000006,0.5371999999999999]",-27,-46,1,0,0,response5disk,-4,10,1,0,0,rectangle,-4,10,1,0,0,2,2,0.0001,0,-4,10,1,0,0,0,158,158,119,1,38,second,,,,,,,,,,,,,,,,,,,,,,,,,,,,,,,,,,,,,,,,,,,,,,,,,,,,,,,,,,,,,,,,,,,,,,,,
,,,,,,60eb274540d8358b70fdbb1d,62c538bf54f3a38dea76a902,2022-07-06_09h34.23.132,Colour_Asymmetry_Pilot,2022.1.3,Win32,57.43495491,62c50e9c1127f2cd403a315f,,,,,,,,,,,,,,,,,,,,fourtwo,,2,1.1224,,,,,,,,,,,,,,,,,,,,,,,,,,,,,,,,,,"[0.05879999999999996,0.2784,0.5841999999999998]","[-0.30200000000000005,0.14500000000000002,0.2784]",66,-30,1,0,0,response3disk,2,5,1,0,0,rectangle,2,5,1,0,0,2,3,0.0011,0,2,5,1,0,0,0,159,159,151,1,70,second,,,,,,,,,,,,,,,,,,,,,,,,,,,,,,,,,,,,,,,,,,,,,,,,,,,,,,,,,,,,,,,,,,,,,,,,
,,,,,,60eb274540d8358b70fdbb1d,62c538bf54f3a38dea76a902,2022-07-06_09h34.23.132,Colour_Asymmetry_Pilot,2022.1.3,Win32,57.43495491,62c50e9c1127f2cd403a315f,,,,,,,,,,,,,,,,,,,,fourtwo,,-1,0.316,,,,,,,,,,,,,,,,,,,,,,,,,,,,,,,,,,"[-0.48240000000000005,0.3175999999999999,0.2156]","[-0.6706000000000001,-0.6157999999999999,-0.6786]",-21,-65,1,0,0,response5disk,-7,11,1,0,0,rectangle,-7,11,1,0,0,2,2,0.001299999,0,-7,11,1,0,0,0,160,160,142,1,61,second,,,,,,,,,,,,,,,,,,,,,,,,,,,,,,,,,,,,,,,,,,,,,,,,,,,,,,,,,,,,,,,,,,,,,,,,
,,,,,,60eb274540d8358b70fdbb1d,62c538bf54f3a38dea76a902,2022-07-06_09h34.23.132,Colour_Asymmetry_Pilot,2022.1.3,Win32,57.43495491,62c50e9c1127f2cd403a315f,,,,,,,,,,,,,,,,,,,,fourtwo,,-1,0.3016,,,,,,,,,,,,,,,,,,,,,,,,,,,,,,,,,,"[0.9686000000000001,0.3802000000000001,0.19999999999999996]","[-0.4902000000000001,0.2704,-0.45899999999999996]",-32,-53,1,0,0,response5disk,-12,-4,1,0,0,rectangle,-12,-4,1,0,0,2,2,0.0004,0,-12,-4,1,0,0,0,161,161,9,1,9,first,,,,,,,,,,,,,,,,,,,,,,,,,,,,,,,,,,,,,,,,,,,,,,,,,,,,,,,,,,,,,,,,,,,,,,,,
,,,,,,60eb274540d8358b70fdbb1d,62c538bf54f3a38dea76a902,2022-07-06_09h34.23.132,Colour_Asymmetry_Pilot,2022.1.3,Win32,57.43495491,62c50e9c1127f2cd403a315f,,,,,,,,,,,,,,,,,,,,,,,,,,,,,,,,,,,,,,,,,,,,,,,,,,,,,,,,,,,,,,,,,,,,,,,,,,,,,,,,,,,,,,,,,,,,,,0,0,0,0,1,,,,,,,,,,,,,,,,,,,,,,,,,,,,,,,,,,,,,,,,,,,,,,,,,,,,,,,,,,,,,,,,,
,,,,,,60eb274540d8358b70fdbb1d,62c538bf54f3a38dea76a902,2022-07-06_09h34.23.132,Colour_Asymmetry_Pilot,2022.1.3,Win32,57.43495491,62c50e9c1127f2cd403a315f,,,,,,,,,,,,,,,,,,,,onetwo,,-1,0.370700001,,,,,,,,,,,,,,,,,,,,,,,,,,,,,,,,,,"[-0.9766,-0.34920000000000007,0.2156]","[-0.8118,-0.8198,-0.5452]",-16,-68,1,0,0,response5disk,-10,-7,1,0,0,rectangle,-10,-7,1,0,0,2,1,0.001,0,-10,-7,1,0,0,0,0,0,45,1,45,first,,,,,,,,,,,,,,,,,,,,,,,,,,,,,,,,,,,,,,,,,,,,,,,,,,,,,,,,,,,,,,,,,,,,,,,,
,,,,,,60eb274540d8358b70fdbb1d,62c538bf54f3a38dea76a902,2022-07-06_09h34.23.132,Colour_Asymmetry_Pilot,2022.1.3,Win32,57.43495491,62c50e9c1127f2cd403a315f,,,,,,,,,,,,,,,,,,,,twofour,,-1,0.267300001,,,,,,,,,,,,,,,,,,,,,,,,,,,,,,,,,,"[-0.5452,-0.608,0.2470000000000001]","[-0.17659999999999998,0.3253999999999999,0.19999999999999996]",-24,-59,1,0,0,response5disk,-13,-4,1,0,0,rectangle,92,47,1,0,0,3,3,1.9665,1,6,3,1,0,0,0,1,1,159,1,78,second,response1disk_3,rectangle,,,,,,,,,,,,,,,,,,,,,,,,,,,,,,,,,,,,,,,,,,,,,,,,,,,,,,,,,,,,,,,,,,,,,,
,,,,,,60eb274540d8358b70fdbb1d,62c538bf54f3a38dea76a902,2022-07-06_09h34.23.132,Colour_Asymmetry_Pilot,2022.1.3,Win32,57.43495491,62c50e9c1127f2cd403a315f,,,,,,,,,,,,,,,,,,,,fourthree,,-1,2.6161,,,,,,,,,,,,,,,,,,,,,,,,,,,,,,,,,,"[0.37240000000000006,0.4980000000000002,-0.2864]","[0.7018,0.7176,0.6155999999999999]",-30,-72,1,0,0,response5disk,-9,0,1,0,0,rectangle,-9,0,1,0,0,3,2,0.001300001,0,-9,0,1,0,0,0,2,2,131,1,50,second,,,,,,,,,,,,,,,,,,,,,,,,,,,,,,,,,,,,,,,,,,,,,,,,,,,,,,,,,,,,,,,,,,,,,,,,
,,,,,,60eb274540d8358b70fdbb1d,62c538bf54f3a38dea76a902,2022-07-06_09h34.23.132,Colour_Asymmetry_Pilot,2022.1.3,Win32,57.43495491,62c50e9c1127f2cd403a315f,,,,,,,,,,,,,,,,,,,,twoone,,3,1.350799999,,,,,,,,,,,,,,,,,,,,,,,,,,,,,,,,,,"[-0.8118,-0.8198,-0.5452]","[-0.9766,-0.34920000000000007,0.2156]",82,46,1,0,0,response1disk,1,-8,1,0,0,rectangle,1,-8,1,0,0,3,2,0.000299999,0,1,-8,1,0,0,0,3,3,126,1,45,second,,,,,,,,,,,,,,,,,,,,,,,,,,,,,,,,,,,,,,,,,,,,,,,,,,,,,,,,,,,,,,,,,,,,,,,,
,,,,,,60eb274540d8358b70fdbb1d,62c538bf54f3a38dea76a902,2022-07-06_09h34.23.132,Colour_Asymmetry_Pilot,2022.1.3,Win32,57.43495491,62c50e9c1127f2cd403a315f,,,,,,,,,,,,,,,,,,,,twoone,,-1,0.334200001,,,,,,,,,,,,,,,,,,,,,,,,,,,,,,,,,,"[0.23120000000000007,-0.7726,-0.34120000000000006]","[-0.0040000000000000036,0.02739999999999987,-0.08239999999999992]",-28,-52,1,0,0,response5disk,-4,5,1,0,0,rectangle,-4,5,1,0,0,3,1,0.0019,0,-4,5,1,0,0,0,4,4,17,1,17,first,,,,,,,,,,,,,,,,,,,,,,,,,,,,,,,,,,,,,,,,,,,,,,,,,,,,,,,,,,,,,,,,,,,,,,,,
,,,,,,60eb274540d8358b70fdbb1d,62c538bf54f3a38dea76a902,2022-07-06_09h34.23.132,Colour_Asymmetry_Pilot,2022.1.3,Win32,57.43495491,62c50e9c1127f2cd403a315f,,,,,,,,,,,,,,,,,,,,threeone,,-1,0.269,,,,,,,,,,,,,,,,,,,,,,,,,,,,,,,,,,"[0.19199999999999995,0.18419999999999992,0.5136000000000001]","[0.30180000000000007,-0.7884,-0.9844]",-27,-65,1,0,0,response5disk,-4,-3,1,0,0,rectangle,-4,-3,1,0,0,3,1,0.0001,0,-4,-3,1,0,0,0,5,5,99,1,18,second,,,,,,,,,,,,,,,,,,,,,,,,,,,,,,,,,,,,,,,,,,,,,,,,,,,,,,,,,,,,,,,,,,,,,,,,
,,,,,,60eb274540d8358b70fdbb1d,62c538bf54f3a38dea76a902,2022-07-06_09h34.23.132,Colour_Asymmetry_Pilot,2022.1.3,Win32,57.43495491,62c50e9c1127f2cd403a315f,,,,,,,,,,,,,,,,,,,,onethree,,-1,0.2511,,,,,,,,,,,,,,,,,,,,,,,,,,,,,,,,,,"[-0.24719999999999998,-0.0354000000000001,0.3175999999999999]","[0.8115999999999999,-0.0040000000000000036,-0.09819999999999995]",-26,-59,1,0,0,response5disk,-4,-9,1,0,0,rectangle,-4,-9,1,0,0,3,2,0.002699999,0,-4,-9,1,0,0,0,6,6,130,1,49,second,,,,,,,,,,,,,,,,,,,,,,,,,,,,,,,,,,,,,,,,,,,,,,,,,,,,,,,,,,,,,,,,,,,,,,,,
,,,,,,60eb274540d8358b70fdbb1d,62c538bf54f3a38dea76a902,2022-07-06_09h34.23.132,Colour_Asymmetry_Pilot,2022.1.3,Win32,57.43495491,62c50e9c1127f2cd403a315f,,,,,,,,,,,,,,,,,,,,fourthree,,-1,0.2024,,,,,,,,,,,,,,,,,,,,,,,,,,,,,,,,,,"[0.3802000000000001,0.19199999999999995,-0.6394]","[-0.38039999999999996,-0.4276,-0.1452]",-25,-51,1,0,0,response5disk,-9,-4,1,0,0,rectangle,-9,-4,1,0,0,3,3,0.001200001,0,-9,-4,1,0,0,0,7,7,139,1,58,second,,,,,,,,,,,,,,,,,,,,,,,,,,,,,,,,,,,,,,,,,,,,,,,,,,,,,,,,,,,,,,,,,,,,,,,,
,,,,,,60eb274540d8358b70fdbb1d,62c538bf54f3a38dea76a902,2022-07-06_09h34.23.132,Colour_Asymmetry_Pilot,2022.1.3,Win32,57.43495491,62c50e9c1127f2cd403a315f,,,,,,,,,,,,,,,,,,,,threefour,,-1,0.2505,,,,,,,,,,,,,,,,,,,,,,,,,,,,,,,,,,"[0.8274000000000001,-0.5844,-0.9452]","[0.7018,0.7176,0.6155999999999999]",-29,-60,1,0,0,response5disk,-8,-4,1,0,0,rectangle,-8,-4,1,0,0,3,3,0.000199999,0,-8,-4,1,0,0,0,8,8,79,1,79,first,,,,,,,,,,,,,,,,,,,,,,,,,,,,,,,,,,,,,,,,,,,,,,,,,,,,,,,,,,,,,,,,,,,,,,,,
,,,,,,60eb274540d8358b70fdbb1d,62c538bf54f3a38dea76a902,2022-07-06_09h34.23.132,Colour_Asymmetry_Pilot,2022.1.3,Win32,57.43495491,62c50e9c1127f2cd403a315f,,,,,,,,,,,,,,,,,,,,twoone,,-2,0.630300001,,,,,,,,,,,,,,,,,,,,,,,,,,,,,,,,,,"[0.30180000000000007,-0.7884,-0.9844]","[0.6625999999999999,0.4980000000000002,-0.357]",-65,-32,1,0,0,response5disk,-15,-14,1,0,0,rectangle,-15,-14,1,0,0,3,3,0.000200001,0,-15,-14,1,0,0,0,9,9,108,1,27,second,,,,,,,,,,,,,,,,,,,,,,,,,,,,,,,,,,,,,,,,,,,,,,,,,,,,,,,,,,,,,,,,,,,,,,,,
,,,,,,60eb274540d8358b70fdbb1d,62c538bf54f3a38dea76a902,2022-07-06_09h34.23.132,Colour_Asymmetry_Pilot,2022.1.3,Win32,57.43495491,62c50e9c1127f2cd403a315f,,,,,,,,,,,,,,,,,,,,onethree,,3,1.2495,,,,,,,,,,,,,,,,,,,,,,,,,,,,,,,,,,"[-0.2942,-0.7648,-0.7492000000000001]","[0.2784,-0.31000000000000005,-0.5452]",55,29,1,0,0,response1disk,1,-3,1,0,0,rectangle,1,-3,1,0,0,3,2,0.002199999,0,1,-3,1,0,0,0,10,10,83,1,2,second,,,,,,,,,,,,,,,,,,,,,,,,,,,,,,,,,,,,,,,,,,,,,,,,,,,,,,,,,,,,,,,,,,,,,,,,
,,,,,,60eb274540d8358b70fdbb1d,62c538bf54f3a38dea76a902,2022-07-06_09h34.23.132,Colour_Asymmetry_Pilot,2022.1.3,Win32,57.43495491,62c50e9c1127f2cd403a315f,,,,,,,,,,,,,,,,,,,,twoone,,-1,0.333,,,,,,,,,,,,,,,,,,,,,,,,,,,,,,,,,,"[0.09799999999999986,-0.24719999999999998,0.15280000000000005]","[-0.30200000000000005,0.14500000000000002,0.2784]",-46,-65,1,0,0,response5disk,8,13,1,0,0,rectangle,8,13,1,0,0,3,3,0.0015,0,8,13,1,0,0,0,11,11,86,1,5,second,,,,,,,,,,,,,,,,,,,,,,,,,,,,,,,,,,,,,,,,,,,,,,,,,,,,,,,,,,,,,,,,,,,,,,,,
,,,,,,60eb274540d8358b70fdbb1d,62c538bf54f3a38dea76a902,2022-07-06_09h34.23.132,Colour_Asymmetry_Pilot,2022.1.3,Win32,57.43495491,62c50e9c1127f2cd403a315f,,,,,,,,,,,,,,,,,,,,onetwo,,-1,0.348200001,,,,,,,,,,,,,,,,,,,,,,,,,,,,,,,,,,"[0.37240000000000006,-0.050999999999999934,-0.5216]","[0.11359999999999992,0.6312,0.5213999999999999]",-24,-50,1,0,0,response5disk,-6,-4,1,0,0,rectangle,-6,-4,1,0,0,3,3,0.0001,0,-6,-4,1,0,0,0,12,12,80,1,80,first,,,,,,,,,,,,,,,,,,,,,,,,,,,,,,,,,,,,,,,,,,,,,,,,,,,,,,,,,,,,,,,,,,,,,,,,
,,,,,,60eb274540d8358b70fdbb1d,62c538bf54f3a38dea76a902,2022-07-06_09h34.23.132,Colour_Asymmetry_Pilot,2022.1.3,Win32,57.43495491,62c50e9c1127f2cd403a315f,,,,,,,,,,,,,,,,,,,,twoone,,-1,0.930700001,,,,,,,,,,,,,,,,,,,,,,,,,,,,,,,,,,"[-0.10599999999999998,-0.10599999999999998,0.5841999999999998]","[0.18419999999999992,-0.4276,-0.404]",-33,-53,1,0,0,response5disk,-7,-7,1,0,0,rectangle,-7,-7,1,0,0,3,1,0.0019,0,-7,-7,1,0,0,0,13,13,109,1,28,second,,,,,,,,,,,,,,,,,,,,,,,,,,,,,,,,,,,,,,,,,,,,,,,,,,,,,,,,,,,,,,,,,,,,,,,,
,,,,,,60eb274540d8358b70fdbb1d,62c538bf54f3a38dea76a902,2022-07-06_09h34.23.132,Colour_Asymmetry_Pilot,2022.1.3,Win32,57.43495491,62c50e9c1127f2cd403a315f,,,,,,,,,,,,,,,,,,,,threefour,,-1,0.265799999,,,,,,,,,,,,,,,,,,,,,,,,,,,,,,,,,,"[-0.4902000000000001,0.2704,-0.45899999999999996]","[0.9686000000000001,0.3802000000000001,0.19999999999999996]",-42,-57,1,0,0,response5disk,-12,-6,1,0,0,rectangle,-12,-6,1,0,0,3,2,0.001200001,0,-12,-6,1,0,0,0,14,14,90,1,9,second,,,,,,,,,,,,,,,,,,,,,,,,,,,,,,,,,,,,,,,,,,,,,,,,,,,,,,,,,,,,,,,,,,,,,,,,
,,,,,,60eb274540d8358b70fdbb1d,62c538bf54f3a38dea76a902,2022-07-06_09h34.23.132,Colour_Asymmetry_Pilot,2022.1.3,Win32,57.43495491,62c50e9c1127f2cd403a315f,,,,,,,,,,,,,,,,,,,,fourthree,,-2,1.098,,,,,,,,,,,,,,,,,,,,,,,,,,,,,,,,,,"[0.7018,0.7176,0.6155999999999999]","[0.37240000000000006,0.4980000000000002,-0.2864]",-55,-36,1,0,0,response5disk,-7,-6,1,0,0,rectangle,-7,-6,1,0,0,3,1,0.001,0,-7,-6,1,0,0,0,15,15,50,1,50,first,,,,,,,,,,,,,,,,,,,,,,,,,,,,,,,,,,,,,,,,,,,,,,,,,,,,,,,,,,,,,,,,,,,,,,,,
,,,,,,60eb274540d8358b70fdbb1d,62c538bf54f3a38dea76a902,2022-07-06_09h34.23.132,Colour_Asymmetry_Pilot,2022.1.3,Win32,57.43495491,62c50e9c1127f2cd403a315f,,,,,,,,,,,,,,,,,,,,twofour,,-2,0.6031,,,,,,,,,,,,,,,,,,,,,,,,,,,,,,,,,,"[0.6625999999999999,0.4980000000000002,-0.357]","[-0.0040000000000000036,0.02739999999999987,-0.08239999999999992]",-58,-41,1,0,0,response5disk,-13,-8,1,0,0,rectangle,-13,-8,1,0,0,3,3,0.0011,0,-13,-8,1,0,0,0,16,16,10,1,10,first,,,,,,,,,,,,,,,,,,,,,,,,,,,,,,,,,,,,,,,,,,,,,,,,,,,,,,,,,,,,,,,,,,,,,,,,
,,,,,,60eb274540d8358b70fdbb1d,62c538bf54f3a38dea76a902,2022-07-06_09h34.23.132,Colour_Asymmetry_Pilot,2022.1.3,Win32,57.43495491,62c50e9c1127f2cd403a315f,,,,,,,,,,,,,,,,,,,,twofour,,-1,0.283599998,,,,,,,,,,,,,,,,,,,,,,,,,,,,,,,,,,"[-0.01980000000000004,-0.5138,-0.38039999999999996]","[0.37240000000000006,0.4980000000000002,-0.2864]",-38,-88,1,0,0,response5disk,-10,3,1,0,0,rectangle,-10,3,1,0,0,3,3,0.0004,0,-10,3,1,0,0,0,17,17,132,1,51,second,,,,,,,,,,,,,,,,,,,,,,,,,,,,,,,,,,,,,,,,,,,,,,,,,,,,,,,,,,,,,,,,,,,,,,,,
,,,,,,60eb274540d8358b70fdbb1d,62c538bf54f3a38dea76a902,2022-07-06_09h34.23.132,Colour_Asymmetry_Pilot,2022.1.3,Win32,57.43495491,62c50e9c1127f2cd403a315f,,,,,,,,,,,,,,,,,,,,onethree,,-1,0.299199999,,,,,,,,,,,,,,,,,,,,,,,,,,,,,,,,,,"[0.5528,0.7409999999999999,-0.71]","[-0.4746,-0.0354000000000001,0.5449999999999999]",-38,-64,1,0,0,response5disk,-13,1,1,0,0,rectangle,-13,1,1,0,0,3,3,0.000200001,0,-13,1,1,0,0,0,18,18,89,1,8,second,,,,,,,,,,,,,,,,,,,,,,,,,,,,,,,,,,,,,,,,,,,,,,,,,,,,,,,,,,,,,,,,,,,,,,,,
,,,,,,60eb274540d8358b70fdbb1d,62c538bf54f3a38dea76a902,2022-07-06_09h34.23.132,Colour_Asymmetry_Pilot,2022.1.3,Win32,57.43495491,62c50e9c1127f2cd403a315f,,,,,,,,,,,,,,,,,,,,onetwo,,-2,0.716,,,,,,,,,,,,,,,,,,,,,,,,,,,,,,,,,,"[-0.050999999999999934,-0.6706000000000001,-0.804]","[0.5449999999999999,-0.31000000000000005,-0.0354000000000001]",-63,-35,1,0,0,response5disk,-5,-1,1,0,0,rectangle,-5,-1,1,0,0,3,3,0.000199999,0,-5,-1,1,0,0,0,19,19,113,1,32,second,,,,,,,,,,,,,,,,,,,,,,,,,,,,,,,,,,,,,,,,,,,,,,,,,,,,,,,,,,,,,,,,,,,,,,,,
,,,,,,60eb274540d8358b70fdbb1d,62c538bf54f3a38dea76a902,2022-07-06_09h34.23.132,Colour_Asymmetry_Pilot,2022.1.3,Win32,57.43495491,62c50e9c1127f2cd403a315f,,,,,,,,,,,,,,,,,,,,twofour,,-3,0.3324,,,,,,,,,,,,,,,,,,,,,,,,,,,,,,,,,,"[-0.9688,-0.4902000000000001,-0.12159999999999993]","[-0.20799999999999996,-0.655,-0.01980000000000004]",-61,46,1,0,0,response7disk,-19,-10,1,0,0,rectangle,-19,-10,1,0,0,3,3,0.0001,0,-19,-10,1,0,0,0,20,20,133,1,52,second,,,,,,,,,,,,,,,,,,,,,,,,,,,,,,,,,,,,,,,,,,,,,,,,,,,,,,,,,,,,,,,,,,,,,,,,
,,,,,,60eb274540d8358b70fdbb1d,62c538bf54f3a38dea76a902,2022-07-06_09h34.23.132,Colour_Asymmetry_Pilot,2022.1.3,Win32,57.43495491,62c50e9c1127f2cd403a315f,,,,,,,,,,,,,,,,,,,,onetwo,,-2,2.162200001,,,,,,,,,,,,,,,,,,,,,,,,,,,,,,,,,,"[-0.01980000000000004,-0.5138,-0.38039999999999996]","[-0.06680000000000008,-0.45100000000000007,-0.906]",-52,-28,1,0,0,response5disk,-7,-4,1,0,0,rectangle,-7,-4,1,0,0,3,2,0.0014,0,-7,-4,1,0,0,0,21,21,122,1,41,second,,,,,,,,,,,,,,,,,,,,,,,,,,,,,,,,,,,,,,,,,,,,,,,,,,,,,,,,,,,,,,,,,,,,,,,,
,,,,,,60eb274540d8358b70fdbb1d,62c538bf54f3a38dea76a902,2022-07-06_09h34.23.132,Colour_Asymmetry_Pilot,2022.1.3,Win32,57.43495491,62c50e9c1127f2cd403a315f,,,,,,,,,,,,,,,,,,,,threefour,,-1,0.298,,,,,,,,,,,,,,,,,,,,,,,,,,,,,,,,,,"[0.37240000000000006,0.4980000000000002,-0.2864]","[-0.9766,-0.6472,0.07440000000000002]",-43,-63,1,0,0,response5disk,-3,2,1,0,0,rectangle,-3,2,1,0,0,3,2,9.99985E-05,0,-3,2,1,0,0,0,22,22,35,1,35,first,,,,,,,,,,,,,,,,,,,,,,,,,,,,,,,,,,,,,,,,,,,,,,,,,,,,,,,,,,,,,,,,,,,,,,,,
,,,,,,60eb274540d8358b70fdbb1d,62c538bf54f3a38dea76a902,2022-07-06_09h34.23.132,Colour_Asymmetry_Pilot,2022.1.3,Win32,57.43495491,62c50e9c1127f2cd403a315f,,,,,,,,,,,,,,,,,,,,twofour,,-2,1.582800001,,,,,,,,,,,,,,,,,,,,,,,,,,,,,,,,,,"[0.40379999999999994,0.09000000000000008,0.44300000000000006]","[-0.9688,-0.4902000000000001,-0.12159999999999993]",-66,-34,1,0,0,response5disk,2,1,1,0,0,rectangle,2,1,1,0,0,3,1,0.001200001,0,2,1,1,0,0,0,23,23,3,1,3,first,,,,,,,,,,,,,,,,,,,,,,,,,,,,,,,,,,,,,,,,,,,,,,,,,,,,,,,,,,,,,,,,,,,,,,,,
,,,,,,60eb274540d8358b70fdbb1d,62c538bf54f3a38dea76a902,2022-07-06_09h34.23.132,Colour_Asymmetry_Pilot,2022.1.3,Win32,57.43495491,62c50e9c1127f2cd403a315f,,,,,,,,,,,,,,,,,,,,onetwo,,-1,3.6659,,,,,,,,,,,,,,,,,,,,,,,,,,,,,,,,,,"[-0.17659999999999998,-0.2864,-0.8354]","[0.7646000000000002,0.07440000000000002,0.2704]",-64,-116,1,0,0,response5disk,-8,-6,1,0,0,rectangle,-8,-6,1,0,0,3,1,0.000200001,0,-8,-6,1,0,0,0,24,24,112,1,31,second,,,,,,,,,,,,,,,,,,,,,,,,,,,,,,,,,,,,,,,,,,,,,,,,,,,,,,,,,,,,,,,,,,,,,,,,
,,,,,,60eb274540d8358b70fdbb1d,62c538bf54f3a38dea76a902,2022-07-06_09h34.23.132,Colour_Asymmetry_Pilot,2022.1.3,Win32,57.43495491,62c50e9c1127f2cd403a315f,,,,,,,,,,,,,,,,,,,,twofour,,1,1.4194,,,,,,,,,,,,,,,,,,,,,,,,,,,,,,,,,,"[-0.9766,-0.6472,0.07440000000000002]","[-0.9766,-0.34920000000000007,0.2156]",36,-78,1,0,0,response3disk,5,10,1,0,0,rectangle,5,10,1,0,0,3,3,0.001299999,0,5,10,1,0,0,0,25,25,88,1,7,second,,,,,,,,,,,,,,,,,,,,,,,,,,,,,,,,,,,,,,,,,,,,,,,,,,,,,,,,,,,,,,,,,,,,,,,,
,,,,,,60eb274540d8358b70fdbb1d,62c538bf54f3a38dea76a902,2022-07-06_09h34.23.132,Colour_Asymmetry_Pilot,2022.1.3,Win32,57.43495491,62c50e9c1127f2cd403a315f,,,,,,,,,,,,,,,,,,,,fourthree,,-1,0.5494,,,,,,,,,,,,,,,,,,,,,,,,,,,,,,,,,,"[0.9842,0.7409999999999999,-0.6628000000000001]","[-0.8198,-0.5138,-0.7492000000000001]",-45,-85,1,0,0,response5disk,2,11,1,0,0,rectangle,2,11,1,0,0,3,3,0.000300001,0,2,11,1,0,0,0,26,26,140,1,59,second,,,,,,,,,,,,,,,,,,,,,,,,,,,,,,,,,,,,,,,,,,,,,,,,,,,,,,,,,,,,,,,,,,,,,,,,
,,,,,,60eb274540d8358b70fdbb1d,62c538bf54f3a38dea76a902,2022-07-06_09h34.23.132,Colour_Asymmetry_Pilot,2022.1.3,Win32,57.43495491,62c50e9c1127f2cd403a315f,,,,,,,,,,,,,,,,,,,,threeone,,-1,1.0155,,,,,,,,,,,,,,,,,,,,,,,,,,,,,,,,,,"[0.3568,-0.20799999999999996,-0.9844]","[-0.9688,-0.7412000000000001,-0.4902000000000001]",-43,-71,1,0,0,response5disk,-8,0,1,0,0,rectangle,-8,0,1,0,0,3,3,0.000200001,0,-8,0,1,0,0,0,27,27,141,1,60,second,,,,,,,,,,,,,,,,,,,,,,,,,,,,,,,,,,,,,,,,,,,,,,,,,,,,,,,,,,,,,,,,,,,,,,,,
,,,,,,60eb274540d8358b70fdbb1d,62c538bf54f3a38dea76a902,2022-07-06_09h34.23.132,Colour_Asymmetry_Pilot,2022.1.3,Win32,57.43495491,62c50e9c1127f2cd403a315f,,,,,,,,,,,,,,,,,,,,threeone,,-1,0.865099998,,,,,,,,,,,,,,,,,,,,,,,,,,,,,,,,,,"[0.22340000000000004,-0.9296,-0.7884]","[0.34099999999999997,0.5841999999999998,-0.9844]",-48,-84,1,0,0,response5disk,-2,-4,1,0,0,rectangle,-2,-4,1,0,0,3,3,0.000199999,0,-2,-4,1,0,0,0,28,28,77,1,77,first,,,,,,,,,,,,,,,,,,,,,,,,,,,,,,,,,,,,,,,,,,,,,,,,,,,,,,,,,,,,,,,,,,,,,,,,
,,,,,,60eb274540d8358b70fdbb1d,62c538bf54f3a38dea76a902,2022-07-06_09h34.23.132,Colour_Asymmetry_Pilot,2022.1.3,Win32,57.43495491,62c50e9c1127f2cd403a315f,,,,,,,,,,,,,,,,,,,,onetwo,,-1,0.2995,,,,,,,,,,,,,,,,,,,,,,,,,,,,,,,,,,"[-0.9844,-0.9688,-0.9922]","[0.3802000000000001,0.19199999999999995,-0.6394]",-41,-75,1,0,0,response5disk,-2,-1,1,0,0,rectangle,-2,-1,1,0,0,3,3,0.0001,0,-2,-1,1,0,0,0,29,29,115,1,34,second,,,,,,,,,,,,,,,,,,,,,,,,,,,,,,,,,,,,,,,,,,,,,,,,,,,,,,,,,,,,,,,,,,,,,,,,
,,,,,,60eb274540d8358b70fdbb1d,62c538bf54f3a38dea76a902,2022-07-06_09h34.23.132,Colour_Asymmetry_Pilot,2022.1.3,Win32,57.43495491,62c50e9c1127f2cd403a315f,,,,,,,,,,,,,,,,,,,,threeone,,-1,0.345200001,,,,,,,,,,,,,,,,,,,,,,,,,,,,,,,,,,"[0.7176,-0.906,-0.6864]","[0.09799999999999986,-0.24719999999999998,0.15280000000000005]",-27,-53,1,0,0,response5disk,1,0,1,0,0,rectangle,1,0,1,0,0,3,2,0.002799999,0,1,0,1,0,0,0,30,30,120,1,39,second,,,,,,,,,,,,,,,,,,,,,,,,,,,,,,,,,,,,,,,,,,,,,,,,,,,,,,,,,,,,,,,,,,,,,,,,
,,,,,,60eb274540d8358b70fdbb1d,62c538bf54f3a38dea76a902,2022-07-06_09h34.23.132,Colour_Asymmetry_Pilot,2022.1.3,Win32,57.43495491,62c50e9c1127f2cd403a315f,,,,,,,,,,,,,,,,,,,,twoone,,-1,0.267400002,,,,,,,,,,,,,,,,,,,,,,,,,,,,,,,,,,"[0.9763999999999999,0.30979999999999985,-0.6786]","[0.9372,0.20779999999999998,0.2704]",-30,-69,1,0,0,response5disk,-1,4,1,0,0,rectangle,-1,4,1,0,0,3,1,0.001599998,0,-1,4,1,0,0,0,31,31,82,1,1,second,,,,,,,,,,,,,,,,,,,,,,,,,,,,,,,,,,,,,,,,,,,,,,,,,,,,,,,,,,,,,,,,,,,,,,,,
,,,,,,60eb274540d8358b70fdbb1d,62c538bf54f3a38dea76a902,2022-07-06_09h34.23.132,Colour_Asymmetry_Pilot,2022.1.3,Win32,57.43495491,62c50e9c1127f2cd403a315f,,,,,,,,,,,,,,,,,,,,onetwo,,-1,0.176200001,,,,,,,,,,,,,,,,,,,,,,,,,,,,,,,,,,"[-0.6,0.16860000000000008,0.44300000000000006]","[0.3568,-0.20799999999999996,-0.9844]",-38,-61,1,0,0,response5disk,-5,-8,1,0,0,rectangle,-5,-8,1,0,0,3,3,0.001800001,0,-5,-8,1,0,0,0,32,32,40,1,40,first,,,,,,,,,,,,,,,,,,,,,,,,,,,,,,,,,,,,,,,,,,,,,,,,,,,,,,,,,,,,,,,,,,,,,,,,
,,,,,,60eb274540d8358b70fdbb1d,62c538bf54f3a38dea76a902,2022-07-06_09h34.23.132,Colour_Asymmetry_Pilot,2022.1.3,Win32,57.43495491,62c50e9c1127f2cd403a315f,,,,,,,,,,,,,,,,,,,,fourthree,,3,0.937800001,,,,,,,,,,,,,,,,,,,,,,,,,,,,,,,,,,"[0.7176,-0.906,-0.6864]","[0.22340000000000004,-0.9296,-0.7884]",54,33,1,0,0,response1disk,5,-7,1,0,0,rectangle,5,-7,1,0,0,3,3,0.000200001,0,5,-7,1,0,0,0,33,33,47,1,47,first,,,,,,,,,,,,,,,,,,,,,,,,,,,,,,,,,,,,,,,,,,,,,,,,,,,,,,,,,,,,,,,,,,,,,,,,
,,,,,,60eb274540d8358b70fdbb1d,62c538bf54f3a38dea76a902,2022-07-06_09h34.23.132,Colour_Asymmetry_Pilot,2022.1.3,Win32,57.43495491,62c50e9c1127f2cd403a315f,,,,,,,,,,,,,,,,,,,,fourtwo,,-3,1.175299999,,,,,,,,,,,,,,,,,,,,,,,,,,,,,,,,,,"[-0.5922000000000001,-0.7492000000000001,-0.5296000000000001]","[-0.050999999999999934,-0.6706000000000001,-0.804]",-52,28,1,0,0,response7disk,0,-11,1,0,0,rectangle,0,-11,1,0,0,3,3,0.000200001,0,0,-11,1,0,0,0,34,34,147,1,66,second,,,,,,,,,,,,,,,,,,,,,,,,,,,,,,,,,,,,,,,,,,,,,,,,,,,,,,,,,,,,,,,,,,,,,,,,
,,,,,,60eb274540d8358b70fdbb1d,62c538bf54f3a38dea76a902,2022-07-06_09h34.23.132,Colour_Asymmetry_Pilot,2022.1.3,Win32,57.43495491,62c50e9c1127f2cd403a315f,,,,,,,,,,,,,,,,,,,,onethree,,-2,0.4809,,,,,,,,,,,,,,,,,,,,,,,,,,,,,,,,,,"[0.34099999999999997,0.12939999999999996,-0.9766]","[-0.9844,-0.9688,-0.9922]",-47,-35,1,0,0,response5disk,2,-9,1,0,0,rectangle,2,-9,1,0,0,3,2,0.001400002,0,2,-9,1,0,0,0,35,35,73,1,73,first,,,,,,,,,,,,,,,,,,,,,,,,,,,,,,,,,,,,,,,,,,,,,,,,,,,,,,,,,,,,,,,,,,,,,,,,
,,,,,,60eb274540d8358b70fdbb1d,62c538bf54f3a38dea76a902,2022-07-06_09h34.23.132,Colour_Asymmetry_Pilot,2022.1.3,Win32,57.43495491,62c50e9c1127f2cd403a315f,,,,,,,,,,,,,,,,,,,,threefour,,-1,0.281200001,,,,,,,,,,,,,,,,,,,,,,,,,,,,,,,,,,"[-0.7412000000000001,-0.08239999999999992,-0.6864]","[-0.9844,-0.9688,-0.9922]",-28,-42,1,0,0,response5disk,-8,-9,1,0,0,rectangle,-8,-9,1,0,0,3,1,0.001099998,0,-8,-9,1,0,0,0,36,36,42,1,42,first,,,,,,,,,,,,,,,,,,,,,,,,,,,,,,,,,,,,,,,,,,,,,,,,,,,,,,,,,,,,,,,,,,,,,,,,
,,,,,,60eb274540d8358b70fdbb1d,62c538bf54f3a38dea76a902,2022-07-06_09h34.23.132,Colour_Asymmetry_Pilot,2022.1.3,Win32,57.43495491,62c50e9c1127f2cd403a315f,,,,,,,,,,,,,,,,,,,,onethree,,-2,0.553,,,,,,,,,,,,,,,,,,,,,,,,,,,,,,,,,,"[-0.9688,-0.7412000000000001,-0.4902000000000001]","[0.3568,-0.20799999999999996,-0.9844]",-53,-31,1,0,0,response5disk,-4,-4,1,0,0,rectangle,-4,-4,1,0,0,3,1,0.000299999,0,-4,-4,1,0,0,0,37,37,60,1,60,first,,,,,,,,,,,,,,,,,,,,,,,,,,,,,,,,,,,,,,,,,,,,,,,,,,,,,,,,,,,,,,,,,,,,,,,,
,,,,,,60eb274540d8358b70fdbb1d,62c538bf54f3a38dea76a902,2022-07-06_09h34.23.132,Colour_Asymmetry_Pilot,2022.1.3,Win32,57.43495491,62c50e9c1127f2cd403a315f,,,,,,,,,,,,,,,,,,,,fourthree,,-1,0.4046,,,,,,,,,,,,,,,,,,,,,,,,,,,,,,,,,,"[-0.2942,-0.7648,-0.7492000000000001]","[-0.10599999999999998,-0.15300000000000002,0.15280000000000005]",-25,-56,1,0,0,response5disk,-2,1,1,0,0,rectangle,-2,1,1,0,0,3,2,0.0014,0,-2,1,1,0,0,0,38,38,149,1,68,second,,,,,,,,,,,,,,,,,,,,,,,,,,,,,,,,,,,,,,,,,,,,,,,,,,,,,,,,,,,,,,,,,,,,,,,,
,,,,,,60eb274540d8358b70fdbb1d,62c538bf54f3a38dea76a902,2022-07-06_09h34.23.132,Colour_Asymmetry_Pilot,2022.1.3,Win32,57.43495491,62c50e9c1127f2cd403a315f,,,,,,,,,,,,,,,,,,,,onethree,,-2,0.7806,,,,,,,,,,,,,,,,,,,,,,,,,,,,,,,,,,"[0.6625999999999999,0.4980000000000002,-0.357]","[0.3568,-0.20799999999999996,-0.9844]",-64,-32,1,0,0,response5disk,7,-5,1,0,0,rectangle,7,-5,1,0,0,3,3,0.001599998,0,7,-5,1,0,0,0,39,39,125,1,44,second,,,,,,,,,,,,,,,,,,,,,,,,,,,,,,,,,,,,,,,,,,,,,,,,,,,,,,,,,,,,,,,,,,,,,,,,
,,,,,,60eb274540d8358b70fdbb1d,62c538bf54f3a38dea76a902,2022-07-06_09h34.23.132,Colour_Asymmetry_Pilot,2022.1.3,Win32,57.43495491,62c50e9c1127f2cd403a315f,,,,,,,,,,,,,,,,,,,,onetwo,,-1,0.437200001,,,,,,,,,,,,,,,,,,,,,,,,,,,,,,,,,,"[-0.10599999999999998,-0.15300000000000002,0.15280000000000005]","[-0.2942,-0.7648,-0.7492000000000001]",-32,-59,1,0,0,response5disk,-6,4,1,0,0,rectangle,-6,4,1,0,0,3,3,0.0001,0,-6,4,1,0,0,0,40,40,68,1,68,first,,,,,,,,,,,,,,,,,,,,,,,,,,,,,,,,,,,,,,,,,,,,,,,,,,,,,,,,,,,,,,,,,,,,,,,,
,,,,,,60eb274540d8358b70fdbb1d,62c538bf54f3a38dea76a902,2022-07-06_09h34.23.132,Colour_Asymmetry_Pilot,2022.1.3,Win32,57.43495491,62c50e9c1127f2cd403a315f,,,,,,,,,,,,,,,,,,,,threeone,,-1,0.3019,,,,,,,,,,,,,,,,,,,,,,,,,,,,,,,,,,"[0.7176,-0.906,-0.6864]","[0.05879999999999996,0.2784,0.5841999999999998]",-34,-53,1,0,0,response5disk,-11,3,1,0,0,rectangle,-11,3,1,0,0,3,3,0.000200001,0,-11,3,1,0,0,0,41,41,16,1,16,first,,,,,,,,,,,,,,,,,,,,,,,,,,,,,,,,,,,,,,,,,,,,,,,,,,,,,,,,,,,,,,,,,,,,,,,,
,,,,,,60eb274540d8358b70fdbb1d,62c538bf54f3a38dea76a902,2022-07-06_09h34.23.132,Colour_Asymmetry_Pilot,2022.1.3,Win32,57.43495491,62c50e9c1127f2cd403a315f,,,,,,,,,,,,,,,,,,,,fourthree,,-1,1.7344,,,,,,,,,,,,,,,,,,,,,,,,,,,,,,,,,,"[0.7646000000000002,0.07440000000000002,0.2704]","[-0.17659999999999998,-0.2864,-0.8354]",-39,-67,1,0,0,response5disk,-17,0,1,0,0,rectangle,-17,0,1,0,0,3,1,0.002299999,0,-17,0,1,0,0,0,42,42,31,1,31,first,,,,,,,,,,,,,,,,,,,,,,,,,,,,,,,,,,,,,,,,,,,,,,,,,,,,,,,,,,,,,,,,,,,,,,,,
,,,,,,60eb274540d8358b70fdbb1d,62c538bf54f3a38dea76a902,2022-07-06_09h34.23.132,Colour_Asymmetry_Pilot,2022.1.3,Win32,57.43495491,62c50e9c1127f2cd403a315f,,,,,,,,,,,,,,,,,,,,threefour,,-2,0.6561,,,,,,,,,,,,,,,,,,,,,,,,,,,,,,,,,,"[-0.050999999999999934,-0.6706000000000001,-0.804]","[-0.5922000000000001,-0.7492000000000001,-0.5296000000000001]",-82,-33,1,0,0,response5disk,-15,10,1,0,0,rectangle,-15,10,1,0,0,3,2,0.0014,0,-15,10,1,0,0,0,43,43,66,1,66,first,,,,,,,,,,,,,,,,,,,,,,,,,,,,,,,,,,,,,,,,,,,,,,,,,,,,,,,,,,,,,,,,,,,,,,,,
,,,,,,60eb274540d8358b70fdbb1d,62c538bf54f3a38dea76a902,2022-07-06_09h34.23.132,Colour_Asymmetry_Pilot,2022.1.3,Win32,57.43495491,62c50e9c1127f2cd403a315f,,,,,,,,,,,,,,,,,,,,twofour,,3,0.5856,,,,,,,,,,,,,,,,,,,,,,,,,,,,,,,,,,"[-0.01980000000000004,-0.5138,-0.38039999999999996]","[0.5449999999999999,-0.31000000000000005,-0.0354000000000001]",59,36,1,0,0,response1disk,7,-2,1,0,0,rectangle,7,-2,1,0,0,3,3,0.0015,0,7,-2,1,0,0,0,44,44,54,1,54,first,,,,,,,,,,,,,,,,,,,,,,,,,,,,,,,,,,,,,,,,,,,,,,,,,,,,,,,,,,,,,,,,,,,,,,,,
,,,,,,60eb274540d8358b70fdbb1d,62c538bf54f3a38dea76a902,2022-07-06_09h34.23.132,Colour_Asymmetry_Pilot,2022.1.3,Win32,57.43495491,62c50e9c1127f2cd403a315f,,,,,,,,,,,,,,,,,,,,threefour,,-1,0.2174,,,,,,,,,,,,,,,,,,,,,,,,,,,,,,,,,,"[0.4196,0.4665999999999999,0.3568]","[0.9763999999999999,0.30979999999999985,-0.6786]",-24,-70,1,0,0,response5disk,-5,4,1,0,0,rectangle,87,-35,1,0,0,2,2,1.379199999,1,-3,7,1,0,0,0,45,45,36,1,36,first,response3disk_3,rectangle,,,,,,,,,,,,,,,,,,,,,,,,,,,,,,,,,,,,,,,,,,,,,,,,,,,,,,,,,,,,,,,,,,,,,,
,,,,,,60eb274540d8358b70fdbb1d,62c538bf54f3a38dea76a902,2022-07-06_09h34.23.132,Colour_Asymmetry_Pilot,2022.1.3,Win32,57.43495491,62c50e9c1127f2cd403a315f,,,,,,,,,,,,,,,,,,,,fourtwo,,-1,0.2999,,,,,,,,,,,,,,,,,,,,,,,,,,,,,,,,,,"[0.34099999999999997,0.5841999999999998,-0.9844]","[0.22340000000000004,-0.9296,-0.7884]",-33,-98,1,0,0,response5disk,-2,-3,1,0,0,rectangle,-2,-3,1,0,0,2,2,0.0004,0,-2,-3,1,0,0,0,46,46,158,1,77,second,,,,,,,,,,,,,,,,,,,,,,,,,,,,,,,,,,,,,,,,,,,,,,,,,,,,,,,,,,,,,,,,,,,,,,,,
,,,,,,60eb274540d8358b70fdbb1d,62c538bf54f3a38dea76a902,2022-07-06_09h34.23.132,Colour_Asymmetry_Pilot,2022.1.3,Win32,57.43495491,62c50e9c1127f2cd403a315f,,,,,,,,,,,,,,,,,,,,fourtwo,,2,0.583200001,,,,,,,,,,,,,,,,,,,,,,,,,,,,,,,,,,"[0.5449999999999999,-0.31000000000000005,-0.0354000000000001]","[-0.01980000000000004,-0.5138,-0.38039999999999996]",58,-29,1,0,0,response3disk,5,10,1,0,0,rectangle,5,10,1,0,0,2,3,0.0014,0,5,10,1,0,0,0,47,47,135,1,54,second,,,,,,,,,,,,,,,,,,,,,,,,,,,,,,,,,,,,,,,,,,,,,,,,,,,,,,,,,,,,,,,,,,,,,,,,
,,,,,,60eb274540d8358b70fdbb1d,62c538bf54f3a38dea76a902,2022-07-06_09h34.23.132,Colour_Asymmetry_Pilot,2022.1.3,Win32,57.43495491,62c50e9c1127f2cd403a315f,,,,,,,,,,,,,,,,,,,,onetwo,,4,0.5375,,,,,,,,,,,,,,,,,,,,,,,,,,,,,,,,,,"[-0.17659999999999998,0.3253999999999999,0.19999999999999996]","[-0.5452,-0.608,0.2470000000000001]",19,70,1,0,0,response1disk,-3,-8,1,0,0,rectangle,-3,-8,1,0,0,2,2,0.0016,0,-3,-8,1,0,0,0,48,48,78,1,78,first,,,,,,,,,,,,,,,,,,,,,,,,,,,,,,,,,,,,,,,,,,,,,,,,,,,,,,,,,,,,,,,,,,,,,,,,
,,,,,,60eb274540d8358b70fdbb1d,62c538bf54f3a38dea76a902,2022-07-06_09h34.23.132,Colour_Asymmetry_Pilot,2022.1.3,Win32,57.43495491,62c50e9c1127f2cd403a315f,,,,,,,,,,,,,,,,,,,,threefour,,-1,0.322799999,,,,,,,,,,,,,,,,,,,,,,,,,,,,,,,,,,"[-0.6235999999999999,-0.6786,-0.08239999999999992]","[0.3802000000000001,0.19199999999999995,-0.6394]",-31,-51,1,0,0,response5disk,-7,15,1,0,0,rectangle,-7,15,1,0,0,2,3,0.0025,0,-7,15,1,0,0,0,49,49,63,1,63,first,,,,,,,,,,,,,,,,,,,,,,,,,,,,,,,,,,,,,,,,,,,,,,,,,,,,,,,,,,,,,,,,,,,,,,,,
,,,,,,60eb274540d8358b70fdbb1d,62c538bf54f3a38dea76a902,2022-07-06_09h34.23.132,Colour_Asymmetry_Pilot,2022.1.3,Win32,57.43495491,62c50e9c1127f2cd403a315f,,,,,,,,,,,,,,,,,,,,fourthree,,-1,0.332300001,,,,,,,,,,,,,,,,,,,,,,,,,,,,,,,,,,"[-0.9766,-0.6472,0.07440000000000002]","[0.37240000000000006,0.4980000000000002,-0.2864]",-23,-54,1,0,0,response5disk,-2,0,1,0,0,rectangle,-2,0,1,0,0,2,3,0.0001,0,-2,0,1,0,0,0,50,50,116,1,35,second,,,,,,,,,,,,,,,,,,,,,,,,,,,,,,,,,,,,,,,,,,,,,,,,,,,,,,,,,,,,,,,,,,,,,,,,
,,,,,,60eb274540d8358b70fdbb1d,62c538bf54f3a38dea76a902,2022-07-06_09h34.23.132,Colour_Asymmetry_Pilot,2022.1.3,Win32,57.43495491,62c50e9c1127f2cd403a315f,,,,,,,,,,,,,,,,,,,,fourtwo,,-1,0.233799999,,,,,,,,,,,,,,,,,,,,,,,,,,,,,,,,,,"[0.05879999999999996,0.2784,0.5841999999999998]","[0.7176,-0.906,-0.6864]",-27,-73,1,0,0,response5disk,-8,-1,1,0,0,rectangle,100,40,1,0,0,3,3,2.0554,1,0,-1,1,0,0,0,51,51,97,1,16,second,response1disk_3,rectangle,,,,,,,,,,,,,,,,,,,,,,,,,,,,,,,,,,,,,,,,,,,,,,,,,,,,,,,,,,,,,,,,,,,,,,
,,,,,,60eb274540d8358b70fdbb1d,62c538bf54f3a38dea76a902,2022-07-06_09h34.23.132,Colour_Asymmetry_Pilot,2022.1.3,Win32,57.43495491,62c50e9c1127f2cd403a315f,,,,,,,,,,,,,,,,,,,,twoone,,-1,0.232300001,,,,,,,,,,,,,,,,,,,,,,,,,,,,,,,,,,"[0.8115999999999999,-0.0040000000000000036,-0.09819999999999995]","[0.7018,0.7176,0.6155999999999999]",-34,-72,1,0,0,response5disk,-10,-2,1,0,0,rectangle,-10,-2,1,0,0,3,3,0.0001,0,-10,-2,1,0,0,0,52,52,43,1,43,first,,,,,,,,,,,,,,,,,,,,,,,,,,,,,,,,,,,,,,,,,,,,,,,,,,,,,,,,,,,,,,,,,,,,,,,,
,,,,,,60eb274540d8358b70fdbb1d,62c538bf54f3a38dea76a902,2022-07-06_09h34.23.132,Colour_Asymmetry_Pilot,2022.1.3,Win32,57.43495491,62c50e9c1127f2cd403a315f,,,,,,,,,,,,,,,,,,,,onethree,,-1,0.293900002,,,,,,,,,,,,,,,,,,,,,,,,,,,,,,,,,,"[0.18419999999999992,-0.4276,-0.404]","[-0.9688,-0.38039999999999996,-0.41979999999999995]",-38,-75,1,0,0,response5disk,-13,4,1,0,0,rectangle,-13,4,1,0,0,3,3,0.000200001,0,-13,4,1,0,0,0,53,53,22,1,22,first,,,,,,,,,,,,,,,,,,,,,,,,,,,,,,,,,,,,,,,,,,,,,,,,,,,,,,,,,,,,,,,,,,,,,,,,
,,,,,,60eb274540d8358b70fdbb1d,62c538bf54f3a38dea76a902,2022-07-06_09h34.23.132,Colour_Asymmetry_Pilot,2022.1.3,Win32,57.43495491,62c50e9c1127f2cd403a315f,,,,,,,,,,,,,,,,,,,,fourthree,,-1,1.0975,,,,,,,,,,,,,,,,,,,,,,,,,,,,,,,,,,"[-0.6,0.16860000000000008,0.44300000000000006]","[0.9686000000000001,0.5763999999999998,0.11359999999999992]",-37,-81,1,0,0,response5disk,-8,-12,1,0,0,rectangle,-8,-12,1,0,0,3,2,0.0209,0,-8,-12,1,0,0,0,54,54,153,1,72,second,,,,,,,,,,,,,,,,,,,,,,,,,,,,,,,,,,,,,,,,,,,,,,,,,,,,,,,,,,,,,,,,,,,,,,,,
,,,,,,60eb274540d8358b70fdbb1d,62c538bf54f3a38dea76a902,2022-07-06_09h34.23.132,Colour_Asymmetry_Pilot,2022.1.3,Win32,57.43495491,62c50e9c1127f2cd403a315f,,,,,,,,,,,,,,,,,,,,threeone,,-4,0.632199999,,,,,,,,,,,,,,,,,,,,,,,,,,,,,,,,,,"[-0.30200000000000005,0.14500000000000002,0.2784]","[-0.9688,-0.38039999999999996,-0.41979999999999995]",-28,69,1,0,0,response7disk,-8,-9,1,0,0,rectangle,-8,-9,1,0,0,3,3,0.0015,0,-8,-9,1,0,0,0,55,55,24,1,24,first,,,,,,,,,,,,,,,,,,,,,,,,,,,,,,,,,,,,,,,,,,,,,,,,,,,,,,,,,,,,,,,,,,,,,,,,
,,,,,,60eb274540d8358b70fdbb1d,62c538bf54f3a38dea76a902,2022-07-06_09h34.23.132,Colour_Asymmetry_Pilot,2022.1.3,Win32,57.43495491,62c50e9c1127f2cd403a315f,,,,,,,,,,,,,,,,,,,,onetwo,,3,1.315199999,,,,,,,,,,,,,,,,,,,,,,,,,,,,,,,,,,"[-0.01980000000000004,-0.5138,-0.38039999999999996]","[-0.4668,-0.8746,-0.2942]",70,46,1,0,0,response1disk,-8,-4,1,0,0,rectangle,38,-99,1,0,0,1,1,1.4859,1,15,-2,1,0,0,0,56,56,136,1,55,second,response3disk_3,rectangle,,,,,,,,,,,,,,,,,,,,,,,,,,,,,,,,,,,,,,,,,,,,,,,,,,,,,,,,,,,,,,,,,,,,,,
,,,,,,60eb274540d8358b70fdbb1d,62c538bf54f3a38dea76a902,2022-07-06_09h34.23.132,Colour_Asymmetry_Pilot,2022.1.3,Win32,57.43495491,62c50e9c1127f2cd403a315f,,,,,,,,,,,,,,,,,,,,fourtwo,,-4,1.375700001,,,,,,,,,,,,,,,,,,,,,,,,,,,,,,,,,,"[-0.2942,-0.7648,-0.7492000000000001]","[-0.8198,-0.5138,-0.7492000000000001]",-34,67,1,0,0,response7disk,-10,15,1,0,0,rectangle,-10,15,1,0,0,1,3,0.0016,0,-10,15,1,0,0,0,57,57,75,1,75,first,,,,,,,,,,,,,,,,,,,,,,,,,,,,,,,,,,,,,,,,,,,,,,,,,,,,,,,,,,,,,,,,,,,,,,,,
,,,,,,60eb274540d8358b70fdbb1d,62c538bf54f3a38dea76a902,2022-07-06_09h34.23.132,Colour_Asymmetry_Pilot,2022.1.3,Win32,57.43495491,62c50e9c1127f2cd403a315f,,,,,,,,,,,,,,,,,,,,onetwo,,-1,0.440400002,,,,,,,,,,,,,,,,,,,,,,,,,,,,,,,,,,"[0.37240000000000006,0.4980000000000002,-0.2864]","[-0.01980000000000004,-0.5138,-0.38039999999999996]",-49,-95,1,0,0,response5disk,-8,-3,1,0,0,rectangle,-8,-3,1,0,0,1,3,0.000200001,0,-8,-3,1,0,0,0,58,58,51,1,51,first,,,,,,,,,,,,,,,,,,,,,,,,,,,,,,,,,,,,,,,,,,,,,,,,,,,,,,,,,,,,,,,,,,,,,,,,
,,,,,,60eb274540d8358b70fdbb1d,62c538bf54f3a38dea76a902,2022-07-06_09h34.23.132,Colour_Asymmetry_Pilot,2022.1.3,Win32,57.43495491,62c50e9c1127f2cd403a315f,,,,,,,,,,,,,,,,,,,,threefour,,-1,0.297199999,,,,,,,,,,,,,,,,,,,,,,,,,,,,,,,,,,"[-0.9844,-0.9688,-0.9922]","[0.34099999999999997,0.12939999999999996,-0.9766]",-33,-75,1,0,0,response5disk,-1,2,1,0,0,rectangle,-1,2,1,0,0,1,3,0.000199999,0,-1,2,1,0,0,0,59,59,154,1,73,second,,,,,,,,,,,,,,,,,,,,,,,,,,,,,,,,,,,,,,,,,,,,,,,,,,,,,,,,,,,,,,,,,,,,,,,,
,,,,,,60eb274540d8358b70fdbb1d,62c538bf54f3a38dea76a902,2022-07-06_09h34.23.132,Colour_Asymmetry_Pilot,2022.1.3,Win32,57.43495491,62c50e9c1127f2cd403a315f,,,,,,,,,,,,,,,,,,,,threefour,,1,0.324300001,,,,,,,,,,,,,,,,,,,,,,,,,,,,,,,,,,"[-0.9766,-0.34920000000000007,0.2156]","[-0.9766,-0.6472,0.07440000000000002]",41,-69,1,0,0,response3disk,0,1,1,0,0,rectangle,0,1,1,0,0,1,3,0.0001,0,0,1,1,0,0,0,60,60,7,1,7,first,,,,,,,,,,,,,,,,,,,,,,,,,,,,,,,,,,,,,,,,,,,,,,,,,,,,,,,,,,,,,,,,,,,,,,,,
,,,,,,60eb274540d8358b70fdbb1d,62c538bf54f3a38dea76a902,2022-07-06_09h34.23.132,Colour_Asymmetry_Pilot,2022.1.3,Win32,57.43495491,62c50e9c1127f2cd403a315f,,,,,,,,,,,,,,,,,,,,threefour,,4,0.78,,,,,,,,,,,,,,,,,,,,,,,,,,,,,,,,,,"[-0.4746,-0.0354000000000001,0.5449999999999999]","[0.12939999999999996,-0.2864,0.3253999999999999]",40,78,1,0,0,response1disk,19,10,1,0,0,rectangle,104,-59,1,0,0,2,2,1.8429,1,18,-1,1,0,0,0,61,61,11,1,11,first,response3disk_3,rectangle,,,,,,,,,,,,,,,,,,,,,,,,,,,,,,,,,,,,,,,,,,,,,,,,,,,,,,,,,,,,,,,,,,,,,,
,,,,,,60eb274540d8358b70fdbb1d,62c538bf54f3a38dea76a902,2022-07-06_09h34.23.132,Colour_Asymmetry_Pilot,2022.1.3,Win32,57.43495491,62c50e9c1127f2cd403a315f,,,,,,,,,,,,,,,,,,,,twofour,,-2,0.651,,,,,,,,,,,,,,,,,,,,,,,,,,,,,,,,,,"[-0.34920000000000007,-0.702,-0.5216]","[-0.9296,-0.12959999999999994,-0.043199999999999905]",-80,-35,1,0,0,response5disk,18,0,1,0,0,rectangle,18,0,1,0,0,2,2,0.000199999,0,18,0,1,0,0,0,62,62,64,1,64,first,,,,,,,,,,,,,,,,,,,,,,,,,,,,,,,,,,,,,,,,,,,,,,,,,,,,,,,,,,,,,,,,,,,,,,,,
,,,,,,60eb274540d8358b70fdbb1d,62c538bf54f3a38dea76a902,2022-07-06_09h34.23.132,Colour_Asymmetry_Pilot,2022.1.3,Win32,57.43495491,62c50e9c1127f2cd403a315f,,,,,,,,,,,,,,,,,,,,onetwo,,-1,1.201800001,,,,,,,,,,,,,,,,,,,,,,,,,,,,,,,,,,"[0.3802000000000001,0.19199999999999995,-0.6394]","[-0.6235999999999999,-0.6786,-0.08239999999999992]",-37,-80,1,0,0,response5disk,-7,8,1,0,0,rectangle,-7,8,1,0,0,2,1,0.0014,0,-7,8,1,0,0,0,63,63,144,1,63,second,,,,,,,,,,,,,,,,,,,,,,,,,,,,,,,,,,,,,,,,,,,,,,,,,,,,,,,,,,,,,,,,,,,,,,,,
,,,,,,60eb274540d8358b70fdbb1d,62c538bf54f3a38dea76a902,2022-07-06_09h34.23.132,Colour_Asymmetry_Pilot,2022.1.3,Win32,57.43495491,62c50e9c1127f2cd403a315f,,,,,,,,,,,,,,,,,,,,fourthree,,-2,6.132200001,,,,,,,,,,,,,,,,,,,,,,,,,,,,,,,,,,"[-0.24719999999999998,0.5213999999999999,-0.12959999999999994]","[-0.6942,-0.7648,-0.12959999999999994]",-80,-48,1,0,0,response5disk,-1,8,1,0,0,rectangle,-1,8,1,0,0,2,3,0.0015,0,-1,8,1,0,0,0,64,64,0,1,0,first,,,,,,,,,,,,,,,,,,,,,,,,,,,,,,,,,,,,,,,,,,,,,,,,,,,,,,,,,,,,,,,,,,,,,,,,
,,,,,,60eb274540d8358b70fdbb1d,62c538bf54f3a38dea76a902,2022-07-06_09h34.23.132,Colour_Asymmetry_Pilot,2022.1.3,Win32,57.43495491,62c50e9c1127f2cd403a315f,,,,,,,,,,,,,,,,,,,,twoone,,-1,0.284199999,,,,,,,,,,,,,,,,,,,,,,,,,,,,,,,,,,"[0.8115999999999999,-0.0040000000000000036,-0.09819999999999995]","[-0.24719999999999998,-0.0354000000000001,0.3175999999999999]",-39,-103,1,0,0,response5disk,-5,-4,1,0,0,rectangle,-5,-4,1,0,0,2,3,0.000200001,0,-5,-4,1,0,0,0,65,65,49,1,49,first,,,,,,,,,,,,,,,,,,,,,,,,,,,,,,,,,,,,,,,,,,,,,,,,,,,,,,,,,,,,,,,,,,,,,,,,
,,,,,,60eb274540d8358b70fdbb1d,62c538bf54f3a38dea76a902,2022-07-06_09h34.23.132,Colour_Asymmetry_Pilot,2022.1.3,Win32,57.43495491,62c50e9c1127f2cd403a315f,,,,,,,,,,,,,,,,,,,,twofour,,2,0.3841,,,,,,,,,,,,,,,,,,,,,,,,,,,,,,,,,,"[0.22340000000000004,-0.9296,-0.7884]","[0.7176,-0.906,-0.6864]",77,-33,1,0,0,response3disk,12,-7,1,0,0,rectangle,12,-7,1,0,0,2,2,0.0019,0,12,-7,1,0,0,0,66,66,128,1,47,second,,,,,,,,,,,,,,,,,,,,,,,,,,,,,,,,,,,,,,,,,,,,,,,,,,,,,,,,,,,,,,,,,,,,,,,,
,,,,,,60eb274540d8358b70fdbb1d,62c538bf54f3a38dea76a902,2022-07-06_09h34.23.132,Colour_Asymmetry_Pilot,2022.1.3,Win32,57.43495491,62c50e9c1127f2cd403a315f,,,,,,,,,,,,,,,,,,,,twoone,,2,0.4499,,,,,,,,,,,,,,,,,,,,,,,,,,,,,,,,,,"[-0.24719999999999998,0.5213999999999999,-0.12959999999999994]","[-0.4902000000000001,0.2704,-0.45899999999999996]",91,-57,1,0,0,response3disk,-1,14,1,0,0,rectangle,-1,14,1,0,0,2,2,9.99985E-05,0,-1,14,1,0,0,0,67,67,134,1,53,second,,,,,,,,,,,,,,,,,,,,,,,,,,,,,,,,,,,,,,,,,,,,,,,,,,,,,,,,,,,,,,,,,,,,,,,,
,,,,,,60eb274540d8358b70fdbb1d,62c538bf54f3a38dea76a902,2022-07-06_09h34.23.132,Colour_Asymmetry_Pilot,2022.1.3,Win32,57.43495491,62c50e9c1127f2cd403a315f,,,,,,,,,,,,,,,,,,,,onethree,,-1,0.264799999,,,,,,,,,,,,,,,,,,,,,,,,,,,,,,,,,,"[-0.9766,-0.6472,0.07440000000000002]","[-0.6706000000000001,-0.6157999999999999,-0.6786]",-35,-64,1,0,0,response5disk,-8,-11,1,0,0,rectangle,-8,-11,1,0,0,2,2,0.0004,0,-8,-11,1,0,0,0,68,68,143,1,62,second,,,,,,,,,,,,,,,,,,,,,,,,,,,,,,,,,,,,,,,,,,,,,,,,,,,,,,,,,,,,,,,,,,,,,,,,
,,,,,,60eb274540d8358b70fdbb1d,62c538bf54f3a38dea76a902,2022-07-06_09h34.23.132,Colour_Asymmetry_Pilot,2022.1.3,Win32,57.43495491,62c50e9c1127f2cd403a315f,,,,,,,,,,,,,,,,,,,,twoone,,2,0.2849,,,,,,,,,,,,,,,,,,,,,,,,,,,,,,,,,,"[0.19199999999999995,0.18419999999999992,0.5136000000000001]","[0.9686000000000001,0.5763999999999998,0.11359999999999992]",69,-23,1,0,0,response3disk,-2,-3,1,0,0,rectangle,-2,-3,1,0,0,2,1,0.001799999,0,-2,-3,1,0,0,0,69,69,137,1,56,second,,,,,,,,,,,,,,,,,,,,,,,,,,,,,,,,,,,,,,,,,,,,,,,,,,,,,,,,,,,,,,,,,,,,,,,,
,,,,,,60eb274540d8358b70fdbb1d,62c538bf54f3a38dea76a902,2022-07-06_09h34.23.132,Colour_Asymmetry_Pilot,2022.1.3,Win32,57.43495491,62c50e9c1127f2cd403a315f,,,,,,,,,,,,,,,,,,,,fourthree,,-3,1.0279,,,,,,,,,,,,,,,,,,,,,,,,,,,,,,,,,,"[-0.26280000000000003,-0.2158,-0.3256]","[0.7802,-0.23140000000000005,-0.20799999999999996]",-60,26,1,0,0,response7disk,-10,-12,1,0,0,rectangle,-10,-12,1,0,0,2,2,0.0019,0,-10,-12,1,0,0,0,70,70,37,1,37,first,,,,,,,,,,,,,,,,,,,,,,,,,,,,,,,,,,,,,,,,,,,,,,,,,,,,,,,,,,,,,,,,,,,,,,,,
,,,,,,60eb274540d8358b70fdbb1d,62c538bf54f3a38dea76a902,2022-07-06_09h34.23.132,Colour_Asymmetry_Pilot,2022.1.3,Win32,57.43495491,62c50e9c1127f2cd403a315f,,,,,,,,,,,,,,,,,,,,threefour,,-1,0.307700001,,,,,,,,,,,,,,,,,,,,,,,,,,,,,,,,,,"[0.3802000000000001,0.19199999999999995,-0.6394]","[-0.9844,-0.9688,-0.9922]",-44,-82,1,0,0,response5disk,-9,-3,1,0,0,rectangle,-9,-3,1,0,0,2,3,0.003099998,0,-9,-3,1,0,0,0,71,71,34,1,34,first,,,,,,,,,,,,,,,,,,,,,,,,,,,,,,,,,,,,,,,,,,,,,,,,,,,,,,,,,,,,,,,,,,,,,,,,
,,,,,,60eb274540d8358b70fdbb1d,62c538bf54f3a38dea76a902,2022-07-06_09h34.23.132,Colour_Asymmetry_Pilot,2022.1.3,Win32,57.43495491,62c50e9c1127f2cd403a315f,,,,,,,,,,,,,,,,,,,,twoone,,-1,0.4306,,,,,,,,,,,,,,,,,,,,,,,,,,,,,,,,,,"[-0.011800000000000033,-0.906,-0.45100000000000007]","[1,0.12939999999999996,-1]",-43,-81,1,0,0,response5disk,-10,0,1,0,0,rectangle,-10,0,1,0,0,2,2,0.0019,0,-10,0,1,0,0,0,72,72,69,1,69,first,,,,,,,,,,,,,,,,,,,,,,,,,,,,,,,,,,,,,,,,,,,,,,,,,,,,,,,,,,,,,,,,,,,,,,,,
,,,,,,60eb274540d8358b70fdbb1d,62c538bf54f3a38dea76a902,2022-07-06_09h34.23.132,Colour_Asymmetry_Pilot,2022.1.3,Win32,57.43495491,62c50e9c1127f2cd403a315f,,,,,,,,,,,,,,,,,,,,threefour,,-1,0.655599998,,,,,,,,,,,,,,,,,,,,,,,,,,,,,,,,,,"[0.6547999999999998,-0.043199999999999905,-0.011800000000000033]","[0.05879999999999996,0.2784,0.5841999999999998]",-36,-84,1,0,0,response5disk,-1,-1,1,0,0,rectangle,-1,-1,1,0,0,2,2,0.0001,0,-1,-1,1,0,0,0,73,73,101,1,20,second,,,,,,,,,,,,,,,,,,,,,,,,,,,,,,,,,,,,,,,,,,,,,,,,,,,,,,,,,,,,,,,,,,,,,,,,
,,,,,,60eb274540d8358b70fdbb1d,62c538bf54f3a38dea76a902,2022-07-06_09h34.23.132,Colour_Asymmetry_Pilot,2022.1.3,Win32,57.43495491,62c50e9c1127f2cd403a315f,,,,,,,,,,,,,,,,,,,,twoone,,-1,0.318799999,,,,,,,,,,,,,,,,,,,,,,,,,,,,,,,,,,"[0.9686000000000001,0.5763999999999998,0.11359999999999992]","[-0.6,0.16860000000000008,0.44300000000000006]",-37,-82,1,0,0,response5disk,-5,-1,1,0,0,rectangle,-5,-1,1,0,0,2,2,9.99985E-05,0,-5,-1,1,0,0,0,74,74,72,1,72,first,,,,,,,,,,,,,,,,,,,,,,,,,,,,,,,,,,,,,,,,,,,,,,,,,,,,,,,,,,,,,,,,,,,,,,,,
,,,,,,60eb274540d8358b70fdbb1d,62c538bf54f3a38dea76a902,2022-07-06_09h34.23.132,Colour_Asymmetry_Pilot,2022.1.3,Win32,57.43495491,62c50e9c1127f2cd403a315f,,,,,,,,,,,,,,,,,,,,onetwo,,-1,0.373800001,,,,,,,,,,,,,,,,,,,,,,,,,,,,,,,,,,"[-0.09019999999999995,0.44300000000000006,0.5371999999999999]","[0.3802000000000001,0.19199999999999995,-0.6394]",-31,-69,1,0,0,response5disk,-13,-11,1,0,0,rectangle,-13,-11,1,0,0,2,2,0,0,-13,-11,1,0,0,0,75,75,38,1,38,first,,,,,,,,,,,,,,,,,,,,,,,,,,,,,,,,,,,,,,,,,,,,,,,,,,,,,,,,,,,,,,,,,,,,,,,,
,,,,,,60eb274540d8358b70fdbb1d,62c538bf54f3a38dea76a902,2022-07-06_09h34.23.132,Colour_Asymmetry_Pilot,2022.1.3,Win32,57.43495491,62c50e9c1127f2cd403a315f,,,,,,,,,,,,,,,,,,,,fourtwo,,-1,1.269299999,,,,,,,,,,,,,,,,,,,,,,,,,,,,,,,,,,"[-0.0040000000000000036,0.02739999999999987,-0.08239999999999992]","[0.6625999999999999,0.4980000000000002,-0.357]",-32,-79,1,0,0,response5disk,-12,1,1,0,0,rectangle,-12,1,1,0,0,2,2,0.0001,0,-12,1,1,0,0,0,76,76,91,1,10,second,,,,,,,,,,,,,,,,,,,,,,,,,,,,,,,,,,,,,,,,,,,,,,,,,,,,,,,,,,,,,,,,,,,,,,,,
,,,,,,60eb274540d8358b70fdbb1d,62c538bf54f3a38dea76a902,2022-07-06_09h34.23.132,Colour_Asymmetry_Pilot,2022.1.3,Win32,57.43495491,62c50e9c1127f2cd403a315f,,,,,,,,,,,,,,,,,,,,threeone,,-1,0.4099,,,,,,,,,,,,,,,,,,,,,,,,,,,,,,,,,,"[0.05879999999999996,0.2784,0.5841999999999998]","[0.6547999999999998,-0.043199999999999905,-0.011800000000000033]",-32,-81,1,0,0,response5disk,-4,-1,1,0,0,rectangle,-4,-1,1,0,0,2,1,0.001200001,0,-4,-1,1,0,0,0,77,77,20,1,20,first,,,,,,,,,,,,,,,,,,,,,,,,,,,,,,,,,,,,,,,,,,,,,,,,,,,,,,,,,,,,,,,,,,,,,,,,
,,,,,,60eb274540d8358b70fdbb1d,62c538bf54f3a38dea76a902,2022-07-06_09h34.23.132,Colour_Asymmetry_Pilot,2022.1.3,Win32,57.43495491,62c50e9c1127f2cd403a315f,,,,,,,,,,,,,,,,,,,,fourthree,,-1,0.2676,,,,,,,,,,,,,,,,,,,,,,,,,,,,,,,,,,"[0.3568,-0.20799999999999996,-0.9844]","[-0.4668,-0.8746,-0.2942]",-28,-74,1,0,0,response5disk,-6,-5,1,0,0,rectangle,-6,-5,1,0,0,2,3,0.001099998,0,-6,-5,1,0,0,0,78,78,157,1,76,second,,,,,,,,,,,,,,,,,,,,,,,,,,,,,,,,,,,,,,,,,,,,,,,,,,,,,,,,,,,,,,,,,,,,,,,,
,,,,,,60eb274540d8358b70fdbb1d,62c538bf54f3a38dea76a902,2022-07-06_09h34.23.132,Colour_Asymmetry_Pilot,2022.1.3,Win32,57.43495491,62c50e9c1127f2cd403a315f,,,,,,,,,,,,,,,,,,,,fourthree,,-1,0.3165,,,,,,,,,,,,,,,,,,,,,,,,,,,,,,,,,,"[0.7018,0.7176,0.6155999999999999]","[0.8115999999999999,-0.0040000000000000036,-0.09819999999999995]",-27,-70,1,0,0,response5disk,-9,7,1,0,0,rectangle,-9,7,1,0,0,2,2,0.0011,0,-9,7,1,0,0,0,79,79,152,1,71,second,,,,,,,,,,,,,,,,,,,,,,,,,,,,,,,,,,,,,,,,,,,,,,,,,,,,,,,,,,,,,,,,,,,,,,,,
,,,,,,60eb274540d8358b70fdbb1d,62c538bf54f3a38dea76a902,2022-07-06_09h34.23.132,Colour_Asymmetry_Pilot,2022.1.3,Win32,57.43495491,62c50e9c1127f2cd403a315f,,,,,,,,,,,,,,,,,,,,fourtwo,,-1,0.3971,,,,,,,,,,,,,,,,,,,,,,,,,,,,,,,,,,"[-0.8118,-0.8198,-0.5452]","[0.3802000000000001,0.19199999999999995,-0.6394]",-35,-80,1,0,0,response5disk,-11,4,1,0,0,rectangle,-11,4,1,0,0,2,3,0.002,0,-11,4,1,0,0,0,80,80,26,1,26,first,,,,,,,,,,,,,,,,,,,,,,,,,,,,,,,,,,,,,,,,,,,,,,,,,,,,,,,,,,,,,,,,,,,,,,,,
,,,,,,60eb274540d8358b70fdbb1d,62c538bf54f3a38dea76a902,2022-07-06_09h34.23.132,Colour_Asymmetry_Pilot,2022.1.3,Win32,57.43495491,62c50e9c1127f2cd403a315f,,,,,,,,,,,,,,,,,,,,threefour,,-1,0.231700001,,,,,,,,,,,,,,,,,,,,,,,,,,,,,,,,,,"[0.6547999999999998,-0.043199999999999905,-0.011800000000000033]","[-0.9296,-0.12959999999999994,-0.043199999999999905]",-37,-82,1,0,0,response5disk,-3,2,1,0,0,rectangle,-3,2,1,0,0,2,1,0.001200001,0,-3,2,1,0,0,0,81,81,102,1,21,second,,,,,,,,,,,,,,,,,,,,,,,,,,,,,,,,,,,,,,,,,,,,,,,,,,,,,,,,,,,,,,,,,,,,,,,,
,,,,,,60eb274540d8358b70fdbb1d,62c538bf54f3a38dea76a902,2022-07-06_09h34.23.132,Colour_Asymmetry_Pilot,2022.1.3,Win32,57.43495491,62c50e9c1127f2cd403a315f,,,,,,,,,,,,,,,,,,,,twofour,,-1,0.286299999,,,,,,,,,,,,,,,,,,,,,,,,,,,,,,,,,,"[0.18419999999999992,-0.4276,-0.404]","[-0.10599999999999998,-0.10599999999999998,0.5841999999999998]",-29,-78,1,0,0,response5disk,-1,6,1,0,0,rectangle,-1,6,1,0,0,2,3,0.001200001,0,-1,6,1,0,0,0,82,82,28,1,28,first,,,,,,,,,,,,,,,,,,,,,,,,,,,,,,,,,,,,,,,,,,,,,,,,,,,,,,,,,,,,,,,,,,,,,,,,
,,,,,,60eb274540d8358b70fdbb1d,62c538bf54f3a38dea76a902,2022-07-06_09h34.23.132,Colour_Asymmetry_Pilot,2022.1.3,Win32,57.43495491,62c50e9c1127f2cd403a315f,,,,,,,,,,,,,,,,,,,,fourthree,,-1,0.2966,,,,,,,,,,,,,,,,,,,,,,,,,,,,,,,,,,"[-0.06680000000000008,-0.45100000000000007,-0.906]","[-0.48240000000000005,0.3175999999999999,0.2156]",-27,-62,1,0,0,response5disk,-6,7,1,0,0,rectangle,-6,7,1,0,0,2,2,0.001,0,-6,7,1,0,0,0,83,83,127,1,46,second,,,,,,,,,,,,,,,,,,,,,,,,,,,,,,,,,,,,,,,,,,,,,,,,,,,,,,,,,,,,,,,,,,,,,,,,
,,,,,,60eb274540d8358b70fdbb1d,62c538bf54f3a38dea76a902,2022-07-06_09h34.23.132,Colour_Asymmetry_Pilot,2022.1.3,Win32,57.43495491,62c50e9c1127f2cd403a315f,,,,,,,,,,,,,,,,,,,,onethree,,-1,0.316800001,,,,,,,,,,,,,,,,,,,,,,,,,,,,,,,,,,"[0.11359999999999992,0.6312,0.5213999999999999]","[0.37240000000000006,-0.050999999999999934,-0.5216]",-20,-73,1,0,0,response5disk,-5,3,1,0,0,rectangle,95,39,1,0,0,3,3,3.166199999,1,-4,-7,1,0,0,0,84,84,161,1,80,second,response1disk_3,rectangle,,,,,,,,,,,,,,,,,,,,,,,,,,,,,,,,,,,,,,,,,,,,,,,,,,,,,,,,,,,,,,,,,,,,,,
,,,,,,60eb274540d8358b70fdbb1d,62c538bf54f3a38dea76a902,2022-07-06_09h34.23.132,Colour_Asymmetry_Pilot,2022.1.3,Win32,57.43495491,62c50e9c1127f2cd403a315f,,,,,,,,,,,,,,,,,,,,fourthree,,-1,0.300200001,,,,,,,,,,,,,,,,,,,,,,,,,,,,,,,,,,"[0.9372,0.9450000000000001,0.8980000000000001]","[-0.9138,-0.5296000000000001,-0.5529999999999999]",-31,-85,1,0,0,response5disk,-4,11,1,0,0,rectangle,-4,11,1,0,0,3,1,0.0015,0,-4,11,1,0,0,0,85,85,85,1,4,second,,,,,,,,,,,,,,,,,,,,,,,,,,,,,,,,,,,,,,,,,,,,,,,,,,,,,,,,,,,,,,,,,,,,,,,,
,,,,,,60eb274540d8358b70fdbb1d,62c538bf54f3a38dea76a902,2022-07-06_09h34.23.132,Colour_Asymmetry_Pilot,2022.1.3,Win32,57.43495491,62c50e9c1127f2cd403a315f,,,,,,,,,,,,,,,,,,,,twoone,,-1,0.267299999,,,,,,,,,,,,,,,,,,,,,,,,,,,,,,,,,,"[-0.6235999999999999,-0.6786,-0.08239999999999992]","[0.3568,-0.20799999999999996,-0.9844]",-25,-86,1,0,0,response5disk,-6,3,1,0,0,rectangle,-6,3,1,0,0,3,2,0.001299999,0,-6,3,1,0,0,0,86,86,111,1,30,second,,,,,,,,,,,,,,,,,,,,,,,,,,,,,,,,,,,,,,,,,,,,,,,,,,,,,,,,,,,,,,,,,,,,,,,,
,,,,,,60eb274540d8358b70fdbb1d,62c538bf54f3a38dea76a902,2022-07-06_09h34.23.132,Colour_Asymmetry_Pilot,2022.1.3,Win32,57.43495491,62c50e9c1127f2cd403a315f,,,,,,,,,,,,,,,,,,,,onethree,,-1,0.3,,,,,,,,,,,,,,,,,,,,,,,,,,,,,,,,,,"[-0.45899999999999996,-0.3256,-0.9374]","[-0.07459999999999989,0.12139999999999995,-0.9922]",-30,-79,1,0,0,response5disk,-1,-4,1,0,0,rectangle,-1,-4,1,0,0,3,3,0.0045,0,-1,-4,1,0,0,0,87,87,138,1,57,second,,,,,,,,,,,,,,,,,,,,,,,,,,,,,,,,,,,,,,,,,,,,,,,,,,,,,,,,,,,,,,,,,,,,,,,,
,,,,,,60eb274540d8358b70fdbb1d,62c538bf54f3a38dea76a902,2022-07-06_09h34.23.132,Colour_Asymmetry_Pilot,2022.1.3,Win32,57.43495491,62c50e9c1127f2cd403a315f,,,,,,,,,,,,,,,,,,,,threefour,,-1,0.2831,,,,,,,,,,,,,,,,,,,,,,,,,,,,,,,,,,"[-0.6706000000000001,-0.6157999999999999,-0.6786]","[-0.48240000000000005,0.3175999999999999,0.2156]",-41,-85,1,0,0,response5disk,-4,5,1,0,0,rectangle,-4,5,1,0,0,3,1,0.001099998,0,-4,5,1,0,0,0,88,88,61,1,61,first,,,,,,,,,,,,,,,,,,,,,,,,,,,,,,,,,,,,,,,,,,,,,,,,,,,,,,,,,,,,,,,,,,,,,,,,
,,,,,,60eb274540d8358b70fdbb1d,62c538bf54f3a38dea76a902,2022-07-06_09h34.23.132,Colour_Asymmetry_Pilot,2022.1.3,Win32,57.43495491,62c50e9c1127f2cd403a315f,,,,,,,,,,,,,,,,,,,,threeone,,-1,0.203,,,,,,,,,,,,,,,,,,,,,,,,,,,,,,,,,,"[-0.4746,-0.0354000000000001,0.5449999999999999]","[0.5528,0.7409999999999999,-0.71]",-25,-59,1,0,0,response5disk,-6,-8,1,0,0,rectangle,-6,-8,1,0,0,3,1,0.000199999,0,-6,-8,1,0,0,0,89,89,8,1,8,first,,,,,,,,,,,,,,,,,,,,,,,,,,,,,,,,,,,,,,,,,,,,,,,,,,,,,,,,,,,,,,,,,,,,,,,,
,,,,,,60eb274540d8358b70fdbb1d,62c538bf54f3a38dea76a902,2022-07-06_09h34.23.132,Colour_Asymmetry_Pilot,2022.1.3,Win32,57.43495491,62c50e9c1127f2cd403a315f,,,,,,,,,,,,,,,,,,,,onethree,,-2,0.7525,,,,,,,,,,,,,,,,,,,,,,,,,,,,,,,,,,"[0.9763999999999999,0.30979999999999985,-0.6786]","[0.4196,0.4665999999999999,0.3568]",-76,-35,1,0,0,response5disk,-1,-14,1,0,0,rectangle,-1,-14,1,0,0,3,1,0.000200001,0,-1,-14,1,0,0,0,90,90,117,1,36,second,,,,,,,,,,,,,,,,,,,,,,,,,,,,,,,,,,,,,,,,,,,,,,,,,,,,,,,,,,,,,,,,,,,,,,,,
,,,,,,60eb274540d8358b70fdbb1d,62c538bf54f3a38dea76a902,2022-07-06_09h34.23.132,Colour_Asymmetry_Pilot,2022.1.3,Win32,57.43495491,62c50e9c1127f2cd403a315f,,,,,,,,,,,,,,,,,,,,onetwo,,-1,0.282199999,,,,,,,,,,,,,,,,,,,,,,,,,,,,,,,,,,"[0.6547999999999998,-0.043199999999999905,-0.011800000000000033]","[-0.9766,-0.6472,0.07440000000000002]",-33,-83,1,0,0,response5disk,4,7,1,0,0,rectangle,4,7,1,0,0,3,1,0.000300001,0,4,7,1,0,0,0,91,91,146,1,65,second,,,,,,,,,,,,,,,,,,,,,,,,,,,,,,,,,,,,,,,,,,,,,,,,,,,,,,,,,,,,,,,,,,,,,,,,
,,,,,,60eb274540d8358b70fdbb1d,62c538bf54f3a38dea76a902,2022-07-06_09h34.23.132,Colour_Asymmetry_Pilot,2022.1.3,Win32,57.43495491,62c50e9c1127f2cd403a315f,,,,,,,,,,,,,,,,,,,,threefour,,3,0.6671,,,,,,,,,,,,,,,,,,,,,,,,,,,,,,,,,,"[0.3568,-0.20799999999999996,-0.9844]","[0.6625999999999999,0.4980000000000002,-0.357]",76,42,1,0,0,response1disk,4,8,1,0,0,rectangle,4,8,1,0,0,3,2,0.0014,0,4,8,1,0,0,0,92,92,44,1,44,first,,,,,,,,,,,,,,,,,,,,,,,,,,,,,,,,,,,,,,,,,,,,,,,,,,,,,,,,,,,,,,,,,,,,,,,,
,,,,,,60eb274540d8358b70fdbb1d,62c538bf54f3a38dea76a902,2022-07-06_09h34.23.132,Colour_Asymmetry_Pilot,2022.1.3,Win32,57.43495491,62c50e9c1127f2cd403a315f,,,,,,,,,,,,,,,,,,,,threeone,,-1,0.3089,,,,,,,,,,,,,,,,,,,,,,,,,,,,,,,,,,"[-0.0040000000000000036,0.02739999999999987,-0.08239999999999992]","[0.23120000000000007,-0.7726,-0.34120000000000006]",-38,-64,1,0,0,response5disk,-2,0,1,0,0,rectangle,-2,0,1,0,0,3,3,0.002799999,0,-2,0,1,0,0,0,93,93,98,1,17,second,,,,,,,,,,,,,,,,,,,,,,,,,,,,,,,,,,,,,,,,,,,,,,,,,,,,,,,,,,,,,,,,,,,,,,,,
,,,,,,60eb274540d8358b70fdbb1d,62c538bf54f3a38dea76a902,2022-07-06_09h34.23.132,Colour_Asymmetry_Pilot,2022.1.3,Win32,57.43495491,62c50e9c1127f2cd403a315f,,,,,,,,,,,,,,,,,,,,fourtwo,,-4,0.968799999,,,,,,,,,,,,,,,,,,,,,,,,,,,,,,,,,,"[-0.8198,-0.5138,-0.7492000000000001]","[-0.2942,-0.7648,-0.7492000000000001]",-24,83,1,0,0,response7disk,-13,-8,1,0,0,rectangle,-13,-8,1,0,0,3,3,0.000200001,0,-13,-8,1,0,0,0,94,94,156,1,75,second,,,,,,,,,,,,,,,,,,,,,,,,,,,,,,,,,,,,,,,,,,,,,,,,,,,,,,,,,,,,,,,,,,,,,,,,
,,,,,,60eb274540d8358b70fdbb1d,62c538bf54f3a38dea76a902,2022-07-06_09h34.23.132,Colour_Asymmetry_Pilot,2022.1.3,Win32,57.43495491,62c50e9c1127f2cd403a315f,,,,,,,,,,,,,,,,,,,,onethree,,-2,1.052700001,,,,,,,,,,,,,,,,,,,,,,,,,,,,,,,,,,"[-0.9296,-0.12959999999999994,-0.043199999999999905]","[-0.34920000000000007,-0.702,-0.5216]",-98,-18,1,0,0,response5disk,-15,-3,1,0,0,rectangle,-15,-3,1,0,0,3,3,0.000300001,0,-15,-3,1,0,0,0,95,95,145,1,64,second,,,,,,,,,,,,,,,,,,,,,,,,,,,,,,,,,,,,,,,,,,,,,,,,,,,,,,,,,,,,,,,,,,,,,,,,
,,,,,,60eb274540d8358b70fdbb1d,62c538bf54f3a38dea76a902,2022-07-06_09h34.23.132,Colour_Asymmetry_Pilot,2022.1.3,Win32,57.43495491,62c50e9c1127f2cd403a315f,,,,,,,,,,,,,,,,,,,,threefour,,-1,0.3211,,,,,,,,,,,,,,,,,,,,,,,,,,,,,,,,,,"[-0.6942,-0.7648,-0.12959999999999994]","[-0.24719999999999998,0.5213999999999999,-0.12959999999999994]",-36,-80,1,0,0,response5disk,-7,-3,1,0,0,rectangle,-7,-3,1,0,0,3,1,0.001699999,0,-7,-3,1,0,0,0,96,96,81,1,0,second,,,,,,,,,,,,,,,,,,,,,,,,,,,,,,,,,,,,,,,,,,,,,,,,,,,,,,,,,,,,,,,,,,,,,,,,
,,,,,,60eb274540d8358b70fdbb1d,62c538bf54f3a38dea76a902,2022-07-06_09h34.23.132,Colour_Asymmetry_Pilot,2022.1.3,Win32,57.43495491,62c50e9c1127f2cd403a315f,,,,,,,,,,,,,,,,,,,,fourthree,,-1,0.3,,,,,,,,,,,,,,,,,,,,,,,,,,,,,,,,,,"[-0.9766,-0.34920000000000007,0.2156]","[0.5528,0.7409999999999999,-0.71]",-24,-71,1,0,0,response5disk,-4,4,1,0,0,rectangle,99,46,1,0,0,3,3,2.353799999,1,-8,-5,1,0,0,0,97,97,104,1,23,second,response1disk_3,rectangle,,,,,,,,,,,,,,,,,,,,,,,,,,,,,,,,,,,,,,,,,,,,,,,,,,,,,,,,,,,,,,,,,,,,,,
,,,,,,60eb274540d8358b70fdbb1d,62c538bf54f3a38dea76a902,2022-07-06_09h34.23.132,Colour_Asymmetry_Pilot,2022.1.3,Win32,57.43495491,62c50e9c1127f2cd403a315f,,,,,,,,,,,,,,,,,,,,onethree,,4,0.8504,,,,,,,,,,,,,,,,,,,,,,,,,,,,,,,,,,"[-0.26280000000000003,-0.2158,-0.3256]","[-0.4276,0.0038000000000000256,-0.3256]",40,68,1,0,0,response1disk,-3,-3,1,0,0,rectangle,-3,-3,1,0,0,3,2,0.001799999,0,-3,-3,1,0,0,0,98,98,129,1,48,second,,,,,,,,,,,,,,,,,,,,,,,,,,,,,,,,,,,,,,,,,,,,,,,,,,,,,,,,,,,,,,,,,,,,,,,,
,,,,,,60eb274540d8358b70fdbb1d,62c538bf54f3a38dea76a902,2022-07-06_09h34.23.132,Colour_Asymmetry_Pilot,2022.1.3,Win32,57.43495491,62c50e9c1127f2cd403a315f,,,,,,,,,,,,,,,,,,,,onetwo,,-1,0.3371,,,,,,,,,,,,,,,,,,,,,,,,,,,,,,,,,,"[0.7018,0.7176,0.6155999999999999]","[0.8115999999999999,-0.0040000000000000036,-0.09819999999999995]",-42,-60,1,0,0,response5disk,4,0,1,0,0,rectangle,4,0,1,0,0,3,3,0.000799999,0,4,0,1,0,0,0,99,99,124,1,43,second,,,,,,,,,,,,,,,,,,,,,,,,,,,,,,,,,,,,,,,,,,,,,,,,,,,,,,,,,,,,,,,,,,,,,,,,
,,,,,,60eb274540d8358b70fdbb1d,62c538bf54f3a38dea76a902,2022-07-06_09h34.23.132,Colour_Asymmetry_Pilot,2022.1.3,Win32,57.43495491,62c50e9c1127f2cd403a315f,,,,,,,,,,,,,,,,,,,,threeone,,-3,0.903,,,,,,,,,,,,,,,,,,,,,,,,,,,,,,,,,,"[-0.20799999999999996,-0.655,-0.01980000000000004]","[-0.9688,-0.4902000000000001,-0.12159999999999993]",-67,54,1,0,0,response7disk,-5,-5,1,0,0,rectangle,-5,-5,1,0,0,3,3,0.000299999,0,-5,-5,1,0,0,0,100,100,52,1,52,first,,,,,,,,,,,,,,,,,,,,,,,,,,,,,,,,,,,,,,,,,,,,,,,,,,,,,,,,,,,,,,,,,,,,,,,,
,,,,,,60eb274540d8358b70fdbb1d,62c538bf54f3a38dea76a902,2022-07-06_09h34.23.132,Colour_Asymmetry_Pilot,2022.1.3,Win32,57.43495491,62c50e9c1127f2cd403a315f,,,,,,,,,,,,,,,,,,,,twofour,,-1,0.498,,,,,,,,,,,,,,,,,,,,,,,,,,,,,,,,,,"[-0.9688,-0.38039999999999996,-0.41979999999999995]","[0.18419999999999992,-0.4276,-0.404]",-27,-67,1,0,0,response5disk,-6,0,1,0,0,rectangle,-6,0,1,0,0,3,3,0.0004,0,-6,0,1,0,0,0,101,101,103,1,22,second,,,,,,,,,,,,,,,,,,,,,,,,,,,,,,,,,,,,,,,,,,,,,,,,,,,,,,,,,,,,,,,,,,,,,,,,
,,,,,,60eb274540d8358b70fdbb1d,62c538bf54f3a38dea76a902,2022-07-06_09h34.23.132,Colour_Asymmetry_Pilot,2022.1.3,Win32,57.43495491,62c50e9c1127f2cd403a315f,,,,,,,,,,,,,,,,,,,,threeone,,-1,0.271900002,,,,,,,,,,,,,,,,,,,,,,,,,,,,,,,,,,"[0.6625999999999999,0.4980000000000002,-0.357]","[0.30180000000000007,-0.7884,-0.9844]",-29,-65,1,0,0,response5disk,-2,-5,1,0,0,rectangle,-2,-5,1,0,0,3,2,0.000699999,0,-2,-5,1,0,0,0,102,102,27,1,27,first,,,,,,,,,,,,,,,,,,,,,,,,,,,,,,,,,,,,,,,,,,,,,,,,,,,,,,,,,,,,,,,,,,,,,,,,
,,,,,,60eb274540d8358b70fdbb1d,62c538bf54f3a38dea76a902,2022-07-06_09h34.23.132,Colour_Asymmetry_Pilot,2022.1.3,Win32,57.43495491,62c50e9c1127f2cd403a315f,,,,,,,,,,,,,,,,,,,,fourthree,,-1,2.82,,,,,,,,,,,,,,,,,,,,,,,,,,,,,,,,,,"[-0.01980000000000004,-0.5138,-0.38039999999999996]","[-0.9766,-0.6472,0.07440000000000002]",-46,-90,1,0,0,response5disk,6,1,1,0,0,rectangle,6,1,1,0,0,3,3,0.003699999,0,6,1,1,0,0,0,103,103,100,1,19,second,,,,,,,,,,,,,,,,,,,,,,,,,,,,,,,,,,,,,,,,,,,,,,,,,,,,,,,,,,,,,,,,,,,,,,,,
,,,,,,60eb274540d8358b70fdbb1d,62c538bf54f3a38dea76a902,2022-07-06_09h34.23.132,Colour_Asymmetry_Pilot,2022.1.3,Win32,57.43495491,62c50e9c1127f2cd403a315f,,,,,,,,,,,,,,,,,,,,threeone,,-1,0.5231,,,,,,,,,,,,,,,,,,,,,,,,,,,,,,,,,,"[0.30180000000000007,-0.7884,-0.9844]","[0.19199999999999995,0.18419999999999992,0.5136000000000001]",-43,-96,1,0,0,response5disk,6,8,1,0,0,rectangle,6,8,1,0,0,3,2,0.002300001,0,6,8,1,0,0,0,104,104,18,1,18,first,,,,,,,,,,,,,,,,,,,,,,,,,,,,,,,,,,,,,,,,,,,,,,,,,,,,,,,,,,,,,,,,,,,,,,,,
,,,,,,60eb274540d8358b70fdbb1d,62c538bf54f3a38dea76a902,2022-07-06_09h34.23.132,Colour_Asymmetry_Pilot,2022.1.3,Win32,57.43495491,62c50e9c1127f2cd403a315f,,,,,,,,,,,,,,,,,,,,onethree,,-2,0.6501,,,,,,,,,,,,,,,,,,,,,,,,,,,,,,,,,,"[0.12939999999999996,-0.2864,0.3253999999999999]","[-0.4746,-0.0354000000000001,0.5449999999999999]",-81,-51,1,0,0,response5disk,1,-9,1,0,0,rectangle,1,-9,1,0,0,3,3,0.002,0,1,-9,1,0,0,0,105,105,92,1,11,second,,,,,,,,,,,,,,,,,,,,,,,,,,,,,,,,,,,,,,,,,,,,,,,,,,,,,,,,,,,,,,,,,,,,,,,,
,,,,,,60eb274540d8358b70fdbb1d,62c538bf54f3a38dea76a902,2022-07-06_09h34.23.132,Colour_Asymmetry_Pilot,2022.1.3,Win32,57.43495491,62c50e9c1127f2cd403a315f,,,,,,,,,,,,,,,,,,,,threeone,,-3,0.566099998,,,,,,,,,,,,,,,,,,,,,,,,,,,,,,,,,,"[0.9686000000000001,0.5763999999999998,0.11359999999999992]","[0.19199999999999995,0.18419999999999992,0.5136000000000001]",-69,34,1,0,0,response7disk,-20,-3,1,0,0,rectangle,-20,-3,1,0,0,3,1,0.001299999,0,-20,-3,1,0,0,0,106,106,56,1,56,first,,,,,,,,,,,,,,,,,,,,,,,,,,,,,,,,,,,,,,,,,,,,,,,,,,,,,,,,,,,,,,,,,,,,,,,,
,,,,,,60eb274540d8358b70fdbb1d,62c538bf54f3a38dea76a902,2022-07-06_09h34.23.132,Colour_Asymmetry_Pilot,2022.1.3,Win32,57.43495491,62c50e9c1127f2cd403a315f,,,,,,,,,,,,,,,,,,,,twofour,,-1,0.234700001,,,,,,,,,,,,,,,,,,,,,,,,,,,,,,,,,,"[0.6625999999999999,0.4980000000000002,-0.357]","[-0.6235999999999999,-0.6786,-0.08239999999999992]",-42,-61,1,0,0,response5disk,-6,-8,1,0,0,rectangle,-6,-8,1,0,0,3,1,0.0001,0,-6,-8,1,0,0,0,107,107,94,1,13,second,,,,,,,,,,,,,,,,,,,,,,,,,,,,,,,,,,,,,,,,,,,,,,,,,,,,,,,,,,,,,,,,,,,,,,,,
,,,,,,60eb274540d8358b70fdbb1d,62c538bf54f3a38dea76a902,2022-07-06_09h34.23.132,Colour_Asymmetry_Pilot,2022.1.3,Win32,57.43495491,62c50e9c1127f2cd403a315f,,,,,,,,,,,,,,,,,,,,threefour,,-3,0.982200001,,,,,,,,,,,,,,,,,,,,,,,,,,,,,,,,,,"[-0.10599999999999998,-0.10599999999999998,0.5841999999999998]","[0.2862,0.7802,0.3568]",-79,44,1,0,0,response7disk,-12,-6,1,0,0,rectangle,-12,-6,1,0,0,3,3,0.005299999,0,-12,-6,1,0,0,0,108,108,87,1,6,second,,,,,,,,,,,,,,,,,,,,,,,,,,,,,,,,,,,,,,,,,,,,,,,,,,,,,,,,,,,,,,,,,,,,,,,,
,,,,,,60eb274540d8358b70fdbb1d,62c538bf54f3a38dea76a902,2022-07-06_09h34.23.132,Colour_Asymmetry_Pilot,2022.1.3,Win32,57.43495491,62c50e9c1127f2cd403a315f,,,,,,,,,,,,,,,,,,,,fourthree,,3,0.7504,,,,,,,,,,,,,,,,,,,,,,,,,,,,,,,,,,"[-0.07459999999999989,0.12139999999999995,-0.9922]","[-0.45899999999999996,-0.3256,-0.9374]",92,44,1,0,0,response1disk,8,1,1,0,0,rectangle,8,1,1,0,0,3,1,0.0025,0,8,1,1,0,0,0,109,109,57,1,57,first,,,,,,,,,,,,,,,,,,,,,,,,,,,,,,,,,,,,,,,,,,,,,,,,,,,,,,,,,,,,,,,,,,,,,,,,
,,,,,,60eb274540d8358b70fdbb1d,62c538bf54f3a38dea76a902,2022-07-06_09h34.23.132,Colour_Asymmetry_Pilot,2022.1.3,Win32,57.43495491,62c50e9c1127f2cd403a315f,,,,,,,,,,,,,,,,,,,,threefour,,-1,0.260200001,,,,,,,,,,,,,,,,,,,,,,,,,,,,,,,,,,"[0.0351999999999999,0.41159999999999997,0.0038000000000000256]","[-0.5922000000000001,-0.7492000000000001,-0.5296000000000001]",-38,-71,1,0,0,response5disk,-8,-15,1,0,0,rectangle,-8,-15,1,0,0,3,3,0.002,0,-8,-15,1,0,0,0,110,110,110,1,29,second,,,,,,,,,,,,,,,,,,,,,,,,,,,,,,,,,,,,,,,,,,,,,,,,,,,,,,,,,,,,,,,,,,,,,,,,
,,,,,,60eb274540d8358b70fdbb1d,62c538bf54f3a38dea76a902,2022-07-06_09h34.23.132,Colour_Asymmetry_Pilot,2022.1.3,Win32,57.43495491,62c50e9c1127f2cd403a315f,,,,,,,,,,,,,,,,,,,,twofour,,-1,0.324300001,,,,,,,,,,,,,,,,,,,,,,,,,,,,,,,,,,"[-0.8198,-0.5138,-0.7492000000000001]","[0.9842,0.7409999999999999,-0.6628000000000001]",-42,-86,1,0,0,response5disk,-2,6,1,0,0,rectangle,-2,6,1,0,0,3,1,0.0031,0,-2,6,1,0,0,0,111,111,59,1,59,first,,,,,,,,,,,,,,,,,,,,,,,,,,,,,,,,,,,,,,,,,,,,,,,,,,,,,,,,,,,,,,,,,,,,,,,,
,,,,,,60eb274540d8358b70fdbb1d,62c538bf54f3a38dea76a902,2022-07-06_09h34.23.132,Colour_Asymmetry_Pilot,2022.1.3,Win32,57.43495491,62c50e9c1127f2cd403a315f,,,,,,,,,,,,,,,,,,,,onetwo,,-4,1.046299999,,,,,,,,,,,,,,,,,,,,,,,,,,,,,,,,,,"[-0.8118,-0.8198,-0.5452]","[-0.06680000000000008,-0.45100000000000007,-0.906]",-27,86,1,0,0,response7disk,-15,2,1,0,0,rectangle,-15,2,1,0,0,3,1,0.001,0,-15,2,1,0,0,0,112,112,25,1,25,first,,,,,,,,,,,,,,,,,,,,,,,,,,,,,,,,,,,,,,,,,,,,,,,,,,,,,,,,,,,,,,,,,,,,,,,,
,,,,,,60eb274540d8358b70fdbb1d,62c538bf54f3a38dea76a902,2022-07-06_09h34.23.132,Colour_Asymmetry_Pilot,2022.1.3,Win32,57.43495491,62c50e9c1127f2cd403a315f,,,,,,,,,,,,,,,,,,,,onetwo,,-1,0.587700001,,,,,,,,,,,,,,,,,,,,,,,,,,,,,,,,,,"[-0.9844,-0.9688,-0.9922]","[-0.7412000000000001,-0.08239999999999992,-0.6864]",-37,-78,1,0,0,response5disk,-10,3,1,0,0,rectangle,-10,3,1,0,0,3,2,0.000800001,0,-10,3,1,0,0,0,113,113,123,1,42,second,,,,,,,,,,,,,,,,,,,,,,,,,,,,,,,,,,,,,,,,,,,,,,,,,,,,,,,,,,,,,,,,,,,,,,,,
,,,,,,60eb274540d8358b70fdbb1d,62c538bf54f3a38dea76a902,2022-07-06_09h34.23.132,Colour_Asymmetry_Pilot,2022.1.3,Win32,57.43495491,62c50e9c1127f2cd403a315f,,,,,,,,,,,,,,,,,,,,threeone,,-1,0.3171,,,,,,,,,,,,,,,,,,,,,,,,,,,,,,,,,,"[-0.4902000000000001,0.2704,-0.45899999999999996]","[0.2784,-0.31000000000000005,-0.5452]",-36,-65,1,0,0,response5disk,-9,-4,1,0,0,rectangle,-9,-4,1,0,0,3,2,0.000299999,0,-9,-4,1,0,0,0,114,114,155,1,74,second,,,,,,,,,,,,,,,,,,,,,,,,,,,,,,,,,,,,,,,,,,,,,,,,,,,,,,,,,,,,,,,,,,,,,,,,
,,,,,,60eb274540d8358b70fdbb1d,62c538bf54f3a38dea76a902,2022-07-06_09h34.23.132,Colour_Asymmetry_Pilot,2022.1.3,Win32,57.43495491,62c50e9c1127f2cd403a315f,,,,,,,,,,,,,,,,,,,,fourtwo,,-1,0.382799999,,,,,,,,,,,,,,,,,,,,,,,,,,,,,,,,,,"[0.8115999999999999,-0.0040000000000000036,-0.09819999999999995]","[0.7018,0.7176,0.6155999999999999]",-18,-79,1,0,0,response5disk,5,3,1,0,0,rectangle,5,3,1,0,0,3,2,0.0001,0,5,3,1,0,0,0,115,115,71,1,71,first,,,,,,,,,,,,,,,,,,,,,,,,,,,,,,,,,,,,,,,,,,,,,,,,,,,,,,,,,,,,,,,,,,,,,,,,
,,,,,,60eb274540d8358b70fdbb1d,62c538bf54f3a38dea76a902,2022-07-06_09h34.23.132,Colour_Asymmetry_Pilot,2022.1.3,Win32,57.43495491,62c50e9c1127f2cd403a315f,,,,,,,,,,,,,,,,,,,,twofour,,-1,0.501200001,,,,,,,,,,,,,,,,,,,,,,,,,,,,,,,,,,"[-0.06680000000000008,-0.45100000000000007,-0.906]","[-0.8118,-0.8198,-0.5452]",-31,-70,1,0,0,response5disk,-8,1,1,0,0,rectangle,-8,1,1,0,0,3,3,0.003299999,0,-8,1,1,0,0,0,116,116,106,1,25,second,,,,,,,,,,,,,,,,,,,,,,,,,,,,,,,,,,,,,,,,,,,,,,,,,,,,,,,,,,,,,,,,,,,,,,,,
,,,,,,60eb274540d8358b70fdbb1d,62c538bf54f3a38dea76a902,2022-07-06_09h34.23.132,Colour_Asymmetry_Pilot,2022.1.3,Win32,57.43495491,62c50e9c1127f2cd403a315f,,,,,,,,,,,,,,,,,,,,onethree,,4,0.764699999,,,,,,,,,,,,,,,,,,,,,,,,,,,,,,,,,,"[0.04299999999999993,0.16060000000000008,-0.6628000000000001]","[-0.8198,-0.5138,-0.7492000000000001]",37,64,1,0,0,response1disk,5,-7,1,0,0,rectangle,5,-7,1,0,0,3,2,0.0019,0,5,-7,1,0,0,0,117,117,95,1,14,second,,,,,,,,,,,,,,,,,,,,,,,,,,,,,,,,,,,,,,,,,,,,,,,,,,,,,,,,,,,,,,,,,,,,,,,,
,,,,,,60eb274540d8358b70fdbb1d,62c538bf54f3a38dea76a902,2022-07-06_09h34.23.132,Colour_Asymmetry_Pilot,2022.1.3,Win32,57.43495491,62c50e9c1127f2cd403a315f,,,,,,,,,,,,,,,,,,,,twoone,,-1,0.782599998,,,,,,,,,,,,,,,,,,,,,,,,,,,,,,,,,,"[0.5528,0.7409999999999999,-0.71]","[-0.9766,-0.34920000000000007,0.2156]",-28,-67,1,0,0,response5disk,-2,4,1,0,0,rectangle,-2,4,1,0,0,3,1,0.001700001,0,-2,4,1,0,0,0,118,118,23,1,23,first,,,,,,,,,,,,,,,,,,,,,,,,,,,,,,,,,,,,,,,,,,,,,,,,,,,,,,,,,,,,,,,,,,,,,,,,
,,,,,,60eb274540d8358b70fdbb1d,62c538bf54f3a38dea76a902,2022-07-06_09h34.23.132,Colour_Asymmetry_Pilot,2022.1.3,Win32,57.43495491,62c50e9c1127f2cd403a315f,,,,,,,,,,,,,,,,,,,,twoone,,-1,0.302,,,,,,,,,,,,,,,,,,,,,,,,,,,,,,,,,,"[0.2784,-0.31000000000000005,-0.5452]","[-0.4902000000000001,0.2704,-0.45899999999999996]",-24,-75,1,0,0,response5disk,-10,6,1,0,0,rectangle,-10,6,1,0,0,3,3,0.002199999,0,-10,6,1,0,0,0,119,119,74,1,74,first,,,,,,,,,,,,,,,,,,,,,,,,,,,,,,,,,,,,,,,,,,,,,,,,,,,,,,,,,,,,,,,,,,,,,,,,
,,,,,,60eb274540d8358b70fdbb1d,62c538bf54f3a38dea76a902,2022-07-06_09h34.23.132,Colour_Asymmetry_Pilot,2022.1.3,Win32,57.43495491,62c50e9c1127f2cd403a315f,,,,,,,,,,,,,,,,,,,,twofour,,3,1.3569,,,,,,,,,,,,,,,,,,,,,,,,,,,,,,,,,,"[0.5449999999999999,-0.31000000000000005,-0.0354000000000001]","[-0.050999999999999934,-0.6706000000000001,-0.804]",75,34,1,0,0,response1disk,12,6,1,0,0,rectangle,12,6,1,0,0,3,3,0.000300001,0,12,6,1,0,0,0,120,120,32,1,32,first,,,,,,,,,,,,,,,,,,,,,,,,,,,,,,,,,,,,,,,,,,,,,,,,,,,,,,,,,,,,,,,,,,,,,,,,
,,,,,,60eb274540d8358b70fdbb1d,62c538bf54f3a38dea76a902,2022-07-06_09h34.23.132,Colour_Asymmetry_Pilot,2022.1.3,Win32,57.43495491,62c50e9c1127f2cd403a315f,,,,,,,,,,,,,,,,,,,,threeone,,4,0.7011,,,,,,,,,,,,,,,,,,,,,,,,,,,,,,,,,,"[-0.9688,-0.38039999999999996,-0.41979999999999995]","[-0.30200000000000005,0.14500000000000002,0.2784]",48,79,1,0,0,response1disk,14,0,1,0,0,rectangle,14,0,1,0,0,3,2,0.0025,0,14,0,1,0,0,0,121,121,105,1,24,second,,,,,,,,,,,,,,,,,,,,,,,,,,,,,,,,,,,,,,,,,,,,,,,,,,,,,,,,,,,,,,,,,,,,,,,,
,,,,,,60eb274540d8358b70fdbb1d,62c538bf54f3a38dea76a902,2022-07-06_09h34.23.132,Colour_Asymmetry_Pilot,2022.1.3,Win32,57.43495491,62c50e9c1127f2cd403a315f,,,,,,,,,,,,,,,,,,,,threeone,,-1,0.5884,,,,,,,,,,,,,,,,,,,,,,,,,,,,,,,,,,"[-0.9138,-0.5296000000000001,-0.5529999999999999]","[0.9372,0.9450000000000001,0.8980000000000001]",-55,-106,1,0,0,response5disk,-14,11,1,0,0,rectangle,-14,11,1,0,0,3,2,0.0001,0,-14,11,1,0,0,0,122,122,4,1,4,first,,,,,,,,,,,,,,,,,,,,,,,,,,,,,,,,,,,,,,,,,,,,,,,,,,,,,,,,,,,,,,,,,,,,,,,,
,,,,,,60eb274540d8358b70fdbb1d,62c538bf54f3a38dea76a902,2022-07-06_09h34.23.132,Colour_Asymmetry_Pilot,2022.1.3,Win32,57.43495491,62c50e9c1127f2cd403a315f,,,,,,,,,,,,,,,,,,,,threeone,,2,0.483599998,,,,,,,,,,,,,,,,,,,,,,,,,,,,,,,,,,"[-0.4902000000000001,0.2704,-0.45899999999999996]","[-0.24719999999999998,0.5213999999999999,-0.12959999999999994]",82,-57,1,0,0,response3disk,-6,3,1,0,0,rectangle,-6,3,1,0,0,3,1,0.004,0,-6,3,1,0,0,0,123,123,53,1,53,first,,,,,,,,,,,,,,,,,,,,,,,,,,,,,,,,,,,,,,,,,,,,,,,,,,,,,,,,,,,,,,,,,,,,,,,,
,,,,,,60eb274540d8358b70fdbb1d,62c538bf54f3a38dea76a902,2022-07-06_09h34.23.132,Colour_Asymmetry_Pilot,2022.1.3,Win32,57.43495491,62c50e9c1127f2cd403a315f,,,,,,,,,,,,,,,,,,,,fourthree,,3,0.532700001,,,,,,,,,,,,,,,,,,,,,,,,,,,,,,,,,,"[-0.9766,-0.6472,0.07440000000000002]","[-0.9688,-0.7412000000000001,-0.4902000000000001]",94,58,1,0,0,response1disk,23,5,1,0,0,rectangle,23,5,1,0,0,3,2,0.000799999,0,23,5,1,0,0,0,124,124,114,1,33,second,,,,,,,,,,,,,,,,,,,,,,,,,,,,,,,,,,,,,,,,,,,,,,,,,,,,,,,,,,,,,,,,,,,,,,,,
,,,,,,60eb274540d8358b70fdbb1d,62c538bf54f3a38dea76a902,2022-07-06_09h34.23.132,Colour_Asymmetry_Pilot,2022.1.3,Win32,57.43495491,62c50e9c1127f2cd403a315f,,,,,,,,,,,,,,,,,,,,onethree,,-2,0.872700001,,,,,,,,,,,,,,,,,,,,,,,,,,,,,,,,,,"[-0.8198,-0.5138,-0.7492000000000001]","[-0.011800000000000033,-0.906,-0.45100000000000007]",-69,-34,1,0,0,response5disk,-1,1,1,0,0,rectangle,-1,1,1,0,0,3,3,0.002200001,0,-1,1,1,0,0,0,125,125,67,1,67,first,,,,,,,,,,,,,,,,,,,,,,,,,,,,,,,,,,,,,,,,,,,,,,,,,,,,,,,,,,,,,,,,,,,,,,,,
,,,,,,60eb274540d8358b70fdbb1d,62c538bf54f3a38dea76a902,2022-07-06_09h34.23.132,Colour_Asymmetry_Pilot,2022.1.3,Win32,57.43495491,62c50e9c1127f2cd403a315f,,,,,,,,,,,,,,,,,,,,twoone,,-1,0.454400002,,,,,,,,,,,,,,,,,,,,,,,,,,,,,,,,,,"[-0.011800000000000033,-0.906,-0.45100000000000007]","[-0.8198,-0.5138,-0.7492000000000001]",-23,-64,1,0,0,response5disk,1,10,1,0,0,rectangle,1,10,1,0,0,3,1,0.0026,0,1,10,1,0,0,0,126,126,148,1,67,second,,,,,,,,,,,,,,,,,,,,,,,,,,,,,,,,,,,,,,,,,,,,,,,,,,,,,,,,,,,,,,,,,,,,,,,,
,,,,,,60eb274540d8358b70fdbb1d,62c538bf54f3a38dea76a902,2022-07-06_09h34.23.132,Colour_Asymmetry_Pilot,2022.1.3,Win32,57.43495491,62c50e9c1127f2cd403a315f,,,,,,,,,,,,,,,,,,,,twoone,,-1,0.2835,,,,,,,,,,,,,,,,,,,,,,,,,,,,,,,,,,"[0.9763999999999999,-0.1137999999999999,-0.6314]","[-0.8198,-0.5138,-0.7492000000000001]",-33,-89,1,0,0,response5disk,-15,-4,1,0,0,rectangle,-15,-4,1,0,0,3,1,0.000299999,0,-15,-4,1,0,0,0,127,127,93,1,12,second,,,,,,,,,,,,,,,,,,,,,,,,,,,,,,,,,,,,,,,,,,,,,,,,,,,,,,,,,,,,,,,,,,,,,,,,
,,,,,,60eb274540d8358b70fdbb1d,62c538bf54f3a38dea76a902,2022-07-06_09h34.23.132,Colour_Asymmetry_Pilot,2022.1.3,Win32,57.43495491,62c50e9c1127f2cd403a315f,,,,,,,,,,,,,,,,,,,,twoone,,-1,0.282599998,,,,,,,,,,,,,,,,,,,,,,,,,,,,,,,,,,"[0.7802,-0.23140000000000005,-0.20799999999999996]","[-0.26280000000000003,-0.2158,-0.3256]",-29,-85,1,0,0,response5disk,-16,4,1,0,0,rectangle,-16,4,1,0,0,3,2,0.004699999,0,-16,4,1,0,0,0,128,128,118,1,37,second,,,,,,,,,,,,,,,,,,,,,,,,,,,,,,,,,,,,,,,,,,,,,,,,,,,,,,,,,,,,,,,,,,,,,,,,
,,,,,,60eb274540d8358b70fdbb1d,62c538bf54f3a38dea76a902,2022-07-06_09h34.23.132,Colour_Asymmetry_Pilot,2022.1.3,Win32,57.43495491,62c50e9c1127f2cd403a315f,,,,,,,,,,,,,,,,,,,,onethree,,-1,0.3146,,,,,,,,,,,,,,,,,,,,,,,,,,,,,,,,,,"[-0.9766,-0.6472,0.07440000000000002]","[-0.01980000000000004,-0.5138,-0.38039999999999996]",-46,-94,1,0,0,response5disk,-5,1,1,0,0,rectangle,-5,1,1,0,0,3,1,0.002199999,0,-5,1,1,0,0,0,129,129,19,1,19,first,,,,,,,,,,,,,,,,,,,,,,,,,,,,,,,,,,,,,,,,,,,,,,,,,,,,,,,,,,,,,,,,,,,,,,,,
,,,,,,60eb274540d8358b70fdbb1d,62c538bf54f3a38dea76a902,2022-07-06_09h34.23.132,Colour_Asymmetry_Pilot,2022.1.3,Win32,57.43495491,62c50e9c1127f2cd403a315f,,,,,,,,,,,,,,,,,,,,threefour,,4,0.566200001,,,,,,,,,,,,,,,,,,,,,,,,,,,,,,,,,,"[-0.4668,-0.8746,-0.2942]","[-0.01980000000000004,-0.5138,-0.38039999999999996]",66,87,1,0,0,response1disk,10,-11,1,0,0,rectangle,76,-35,1,0,0,2,2,2.009800001,1,11,-4,1,0,0,0,130,130,55,1,55,first,response3disk_3,rectangle,,,,,,,,,,,,,,,,,,,,,,,,,,,,,,,,,,,,,,,,,,,,,,,,,,,,,,,,,,,,,,,,,,,,,,
,,,,,,60eb274540d8358b70fdbb1d,62c538bf54f3a38dea76a902,2022-07-06_09h34.23.132,Colour_Asymmetry_Pilot,2022.1.3,Win32,57.43495491,62c50e9c1127f2cd403a315f,,,,,,,,,,,,,,,,,,,,fourtwo,,-1,3.027799999,,,,,,,,,,,,,,,,,,,,,,,,,,,,,,,,,,"[-0.48240000000000005,0.3175999999999999,0.2156]","[-0.06680000000000008,-0.45100000000000007,-0.906]",-64,-81,1,0,0,response5disk,-6,0,1,0,0,rectangle,-6,0,1,0,0,2,3,0.002,0,-6,0,1,0,0,0,131,131,46,1,46,first,,,,,,,,,,,,,,,,,,,,,,,,,,,,,,,,,,,,,,,,,,,,,,,,,,,,,,,,,,,,,,,,,,,,,,,,
,,,,,,60eb274540d8358b70fdbb1d,62c538bf54f3a38dea76a902,2022-07-06_09h34.23.132,Colour_Asymmetry_Pilot,2022.1.3,Win32,57.43495491,62c50e9c1127f2cd403a315f,,,,,,,,,,,,,,,,,,,,fourtwo,,-1,0.2746,,,,,,,,,,,,,,,,,,,,,,,,,,,,,,,,,,"[-0.5922000000000001,-0.7492000000000001,-0.5296000000000001]","[0.0351999999999999,0.41159999999999997,0.0038000000000000256]",-28,-72,1,0,0,response5disk,-6,-6,1,0,0,rectangle,-6,-6,1,0,0,2,3,0.000199999,0,-6,-6,1,0,0,0,132,132,29,1,29,first,,,,,,,,,,,,,,,,,,,,,,,,,,,,,,,,,,,,,,,,,,,,,,,,,,,,,,,,,,,,,,,,,,,,,,,,
,,,,,,60eb274540d8358b70fdbb1d,62c538bf54f3a38dea76a902,2022-07-06_09h34.23.132,Colour_Asymmetry_Pilot,2022.1.3,Win32,57.43495491,62c50e9c1127f2cd403a315f,,,,,,,,,,,,,,,,,,,,fourthree,,-1,0.2894,,,,,,,,,,,,,,,,,,,,,,,,,,,,,,,,,,"[0.3802000000000001,0.19199999999999995,-0.6394]","[-0.8118,-0.8198,-0.5452]",-24,-70,1,0,0,response5disk,-5,-1,1,0,0,rectangle,-5,-1,1,0,0,2,2,0.002099998,0,-5,-1,1,0,0,0,133,133,107,1,26,second,,,,,,,,,,,,,,,,,,,,,,,,,,,,,,,,,,,,,,,,,,,,,,,,,,,,,,,,,,,,,,,,,,,,,,,,
,,,,,,60eb274540d8358b70fdbb1d,62c538bf54f3a38dea76a902,2022-07-06_09h34.23.132,Colour_Asymmetry_Pilot,2022.1.3,Win32,57.43495491,62c50e9c1127f2cd403a315f,,,,,,,,,,,,,,,,,,,,twofour,,3,0.4385,,,,,,,,,,,,,,,,,,,,,,,,,,,,,,,,,,"[-0.8198,-0.5138,-0.7492000000000001]","[0.04299999999999993,0.16060000000000008,-0.6628000000000001]",66,34,1,0,0,response1disk,3,-3,1,0,0,rectangle,3,-3,1,0,0,2,3,0.002700001,0,3,-3,1,0,0,0,134,134,14,1,14,first,,,,,,,,,,,,,,,,,,,,,,,,,,,,,,,,,,,,,,,,,,,,,,,,,,,,,,,,,,,,,,,,,,,,,,,,
,,,,,,60eb274540d8358b70fdbb1d,62c538bf54f3a38dea76a902,2022-07-06_09h34.23.132,Colour_Asymmetry_Pilot,2022.1.3,Win32,57.43495491,62c50e9c1127f2cd403a315f,,,,,,,,,,,,,,,,,,,,onethree,,2,0.4966,,,,,,,,,,,,,,,,,,,,,,,,,,,,,,,,,,"[0.2784,-0.31000000000000005,-0.5452]","[-0.2942,-0.7648,-0.7492000000000001]",83,-32,1,0,0,response3disk,1,-3,1,0,0,rectangle,1,-3,1,0,0,2,1,0.000800001,0,1,-3,1,0,0,0,135,135,2,1,2,first,,,,,,,,,,,,,,,,,,,,,,,,,,,,,,,,,,,,,,,,,,,,,,,,,,,,,,,,,,,,,,,,,,,,,,,,
,,,,,,60eb274540d8358b70fdbb1d,62c538bf54f3a38dea76a902,2022-07-06_09h34.23.132,Colour_Asymmetry_Pilot,2022.1.3,Win32,57.43495491,62c50e9c1127f2cd403a315f,,,,,,,,,,,,,,,,,,,,twofour,,-1,0.484,,,,,,,,,,,,,,,,,,,,,,,,,,,,,,,,,,"[-0.9766,-0.6472,0.07440000000000002]","[0.6547999999999998,-0.043199999999999905,-0.011800000000000033]",-25,-94,1,0,0,response5disk,-4,0,1,0,0,rectangle,-4,0,1,0,0,2,1,0.000300001,0,-4,0,1,0,0,0,136,136,65,1,65,first,,,,,,,,,,,,,,,,,,,,,,,,,,,,,,,,,,,,,,,,,,,,,,,,,,,,,,,,,,,,,,,,,,,,,,,,
,,,,,,60eb274540d8358b70fdbb1d,62c538bf54f3a38dea76a902,2022-07-06_09h34.23.132,Colour_Asymmetry_Pilot,2022.1.3,Win32,57.43495491,62c50e9c1127f2cd403a315f,,,,,,,,,,,,,,,,,,,,twoone,,-1,0.334200001,,,,,,,,,,,,,,,,,,,,,,,,,,,,,,,,,,"[0.9372,0.20779999999999998,0.2704]","[0.9763999999999999,0.30979999999999985,-0.6786]",-31,-91,1,0,0,response5disk,-8,9,1,0,0,rectangle,-8,9,1,0,0,2,1,0.000300001,0,-8,9,1,0,0,0,137,137,1,1,1,first,,,,,,,,,,,,,,,,,,,,,,,,,,,,,,,,,,,,,,,,,,,,,,,,,,,,,,,,,,,,,,,,,,,,,,,,
,,,,,,60eb274540d8358b70fdbb1d,62c538bf54f3a38dea76a902,2022-07-06_09h34.23.132,Colour_Asymmetry_Pilot,2022.1.3,Win32,57.43495491,62c50e9c1127f2cd403a315f,,,,,,,,,,,,,,,,,,,,fourtwo,,2,0.614299999,,,,,,,,,,,,,,,,,,,,,,,,,,,,,,,,,,"[-0.9688,-0.7412000000000001,-0.4902000000000001]","[-0.9766,-0.6472,0.07440000000000002]",81,-40,1,0,0,response3disk,13,-5,1,0,0,rectangle,13,-5,1,0,0,2,3,0.000700001,0,13,-5,1,0,0,0,138,138,33,1,33,first,,,,,,,,,,,,,,,,,,,,,,,,,,,,,,,,,,,,,,,,,,,,,,,,,,,,,,,,,,,,,,,,,,,,,,,,
,,,,,,60eb274540d8358b70fdbb1d,62c538bf54f3a38dea76a902,2022-07-06_09h34.23.132,Colour_Asymmetry_Pilot,2022.1.3,Win32,57.43495491,62c50e9c1127f2cd403a315f,,,,,,,,,,,,,,,,,,,,threeone,,-1,0.285400002,,,,,,,,,,,,,,,,,,,,,,,,,,,,,,,,,,"[-0.4668,-0.8746,-0.2942]","[0.3568,-0.20799999999999996,-0.9844]",-27,-73,1,0,0,response5disk,-1,4,1,0,0,rectangle,38,-78,1,0,0,1,1,1.8645,1,0,1,1,0,0,0,139,139,76,1,76,first,response3disk_3,rectangle,,,,,,,,,,,,,,,,,,,,,,,,,,,,,,,,,,,,,,,,,,,,,,,,,,,,,,,,,,,,,,,,,,,,,,
,,,,,,60eb274540d8358b70fdbb1d,62c538bf54f3a38dea76a902,2022-07-06_09h34.23.132,Colour_Asymmetry_Pilot,2022.1.3,Win32,57.43495491,62c50e9c1127f2cd403a315f,,,,,,,,,,,,,,,,,,,,threeone,,-1,0.320199999,,,,,,,,,,,,,,,,,,,,,,,,,,,,,,,,,,"[-0.6706000000000001,-0.6157999999999999,-0.6786]","[-0.9766,-0.6472,0.07440000000000002]",-39,-66,1,0,0,response5disk,-1,1,1,0,0,rectangle,-1,1,1,0,0,1,1,0,0,-1,1,1,0,0,0,140,140,62,1,62,first,,,,,,,,,,,,,,,,,,,,,,,,,,,,,,,,,,,,,,,,,,,,,,,,,,,,,,,,,,,,,,,,,,,,,,,,
,,,,,,60eb274540d8358b70fdbb1d,62c538bf54f3a38dea76a902,2022-07-06_09h34.23.132,Colour_Asymmetry_Pilot,2022.1.3,Win32,57.43495491,62c50e9c1127f2cd403a315f,,,,,,,,,,,,,,,,,,,,threeone,,-1,0.6431,,,,,,,,,,,,,,,,,,,,,,,,,,,,,,,,,,"[0.3568,-0.20799999999999996,-0.9844]","[-0.6,0.16860000000000008,0.44300000000000006]",-38,-86,1,0,0,response5disk,-10,-4,1,0,0,rectangle,-10,-4,1,0,0,1,1,0.000299999,0,-10,-4,1,0,0,0,141,141,121,1,40,second,,,,,,,,,,,,,,,,,,,,,,,,,,,,,,,,,,,,,,,,,,,,,,,,,,,,,,,,,,,,,,,,,,,,,,,,
,,,,,,60eb274540d8358b70fdbb1d,62c538bf54f3a38dea76a902,2022-07-06_09h34.23.132,Colour_Asymmetry_Pilot,2022.1.3,Win32,57.43495491,62c50e9c1127f2cd403a315f,,,,,,,,,,,,,,,,,,,,onethree,,-1,0.241800001,,,,,,,,,,,,,,,,,,,,,,,,,,,,,,,,,,"[0.3568,-0.20799999999999996,-0.9844]","[-0.6235999999999999,-0.6786,-0.08239999999999992]",-43,-101,1,0,0,response5disk,-8,-7,1,0,0,rectangle,-8,-7,1,0,0,1,1,0.001800001,0,-8,-7,1,0,0,0,142,142,30,1,30,first,,,,,,,,,,,,,,,,,,,,,,,,,,,,,,,,,,,,,,,,,,,,,,,,,,,,,,,,,,,,,,,,,,,,,,,,
,,,,,,60eb274540d8358b70fdbb1d,62c538bf54f3a38dea76a902,2022-07-06_09h34.23.132,Colour_Asymmetry_Pilot,2022.1.3,Win32,57.43495491,62c50e9c1127f2cd403a315f,,,,,,,,,,,,,,,,,,,,onethree,,-2,0.4851,,,,,,,,,,,,,,,,,,,,,,,,,,,,,,,,,,"[0.2862,0.7802,0.3568]","[-0.10599999999999998,-0.10599999999999998,0.5841999999999998]",-70,-33,1,0,0,response5disk,-2,-12,1,0,0,rectangle,-2,-12,1,0,0,1,3,0.001,0,-2,-12,1,0,0,0,143,143,6,1,6,first,,,,,,,,,,,,,,,,,,,,,,,,,,,,,,,,,,,,,,,,,,,,,,,,,,,,,,,,,,,,,,,,,,,,,,,,
,,,,,,60eb274540d8358b70fdbb1d,62c538bf54f3a38dea76a902,2022-07-06_09h34.23.132,Colour_Asymmetry_Pilot,2022.1.3,Win32,57.43495491,62c50e9c1127f2cd403a315f,,,,,,,,,,,,,,,,,,,,fourtwo,,-2,0.400799999,,,,,,,,,,,,,,,,,,,,,,,,,,,,,,,,,,"[-0.8198,-0.5138,-0.7492000000000001]","[0.9763999999999999,-0.1137999999999999,-0.6314]",-61,-20,1,0,0,response5disk,5,8,1,0,0,rectangle,5,8,1,0,0,1,2,0.0021,0,5,8,1,0,0,0,144,144,12,1,12,first,,,,,,,,,,,,,,,,,,,,,,,,,,,,,,,,,,,,,,,,,,,,,,,,,,,,,,,,,,,,,,,,,,,,,,,,
,,,,,,60eb274540d8358b70fdbb1d,62c538bf54f3a38dea76a902,2022-07-06_09h34.23.132,Colour_Asymmetry_Pilot,2022.1.3,Win32,57.43495491,62c50e9c1127f2cd403a315f,,,,,,,,,,,,,,,,,,,,twoone,,-1,0.885200001,,,,,,,,,,,,,,,,,,,,,,,,,,,,,,,,,,"[-0.06680000000000008,-0.45100000000000007,-0.906]","[-0.01980000000000004,-0.5138,-0.38039999999999996]",-44,-84,1,0,0,response5disk,9,13,1,0,0,rectangle,9,13,1,0,0,1,1,0.000800001,0,9,13,1,0,0,0,145,145,41,1,41,first,,,,,,,,,,,,,,,,,,,,,,,,,,,,,,,,,,,,,,,,,,,,,,,,,,,,,,,,,,,,,,,,,,,,,,,,
,,,,,,60eb274540d8358b70fdbb1d,62c538bf54f3a38dea76a902,2022-07-06_09h34.23.132,Colour_Asymmetry_Pilot,2022.1.3,Win32,57.43495491,62c50e9c1127f2cd403a315f,,,,,,,,,,,,,,,,,,,,onetwo,,-1,0.2794,,,,,,,,,,,,,,,,,,,,,,,,,,,,,,,,,,"[-0.38039999999999996,-0.4276,-0.1452]","[0.3802000000000001,0.19199999999999995,-0.6394]",-30,-97,1,0,0,response5disk,-2,-2,1,0,0,rectangle,-2,-2,1,0,0,1,3,0.0029,0,-2,-2,1,0,0,0,146,146,58,1,58,first,,,,,,,,,,,,,,,,,,,,,,,,,,,,,,,,,,,,,,,,,,,,,,,,,,,,,,,,,,,,,,,,,,,,,,,,
,,,,,,60eb274540d8358b70fdbb1d,62c538bf54f3a38dea76a902,2022-07-06_09h34.23.132,Colour_Asymmetry_Pilot,2022.1.3,Win32,57.43495491,62c50e9c1127f2cd403a315f,,,,,,,,,,,,,,,,,,,,twofour,,-1,0.385799999,,,,,,,,,,,,,,,,,,,,,,,,,,,,,,,,,,"[-0.6235999999999999,-0.6786,-0.08239999999999992]","[0.6625999999999999,0.4980000000000002,-0.357]",-37,-65,1,0,0,response5disk,-2,2,1,0,0,rectangle,-2,2,1,0,0,1,1,0.001699999,0,-2,2,1,0,0,0,147,147,13,1,13,first,,,,,,,,,,,,,,,,,,,,,,,,,,,,,,,,,,,,,,,,,,,,,,,,,,,,,,,,,,,,,,,,,,,,,,,,
,,,,,,60eb274540d8358b70fdbb1d,62c538bf54f3a38dea76a902,2022-07-06_09h34.23.132,Colour_Asymmetry_Pilot,2022.1.3,Win32,57.43495491,62c50e9c1127f2cd403a315f,,,,,,,,,,,,,,,,,,,,fourtwo,,-2,1.0994,,,,,,,,,,,,,,,,,,,,,,,,,,,,,,,,,,"[-0.30200000000000005,0.14500000000000002,0.2784]","[0.09799999999999986,-0.24719999999999998,0.15280000000000005]",-83,-30,1,0,0,response5disk,6,-8,1,0,0,rectangle,6,-8,1,0,0,1,2,0.000800001,0,6,-8,1,0,0,0,148,148,5,1,5,first,,,,,,,,,,,,,,,,,,,,,,,,,,,,,,,,,,,,,,,,,,,,,,,,,,,,,,,,,,,,,,,,,,,,,,,,
,,,,,,60eb274540d8358b70fdbb1d,62c538bf54f3a38dea76a902,2022-07-06_09h34.23.132,Colour_Asymmetry_Pilot,2022.1.3,Win32,57.43495491,62c50e9c1127f2cd403a315f,,,,,,,,,,,,,,,,,,,,twofour,,-2,0.5449,,,,,,,,,,,,,,,,,,,,,,,,,,,,,,,,,,"[0.09799999999999986,-0.24719999999999998,0.15280000000000005]","[-0.09019999999999995,0.44300000000000006,0.5371999999999999]",-71,-49,1,0,0,response5disk,3,2,1,0,0,rectangle,3,2,1,0,0,1,3,0.002200001,0,3,2,1,0,0,0,149,149,96,1,15,second,,,,,,,,,,,,,,,,,,,,,,,,,,,,,,,,,,,,,,,,,,,,,,,,,,,,,,,,,,,,,,,,,,,,,,,,
,,,,,,60eb274540d8358b70fdbb1d,62c538bf54f3a38dea76a902,2022-07-06_09h34.23.132,Colour_Asymmetry_Pilot,2022.1.3,Win32,57.43495491,62c50e9c1127f2cd403a315f,,,,,,,,,,,,,,,,,,,,onethree,,-1,0.303299999,,,,,,,,,,,,,,,,,,,,,,,,,,,,,,,,,,"[0.7018,0.7176,0.6155999999999999]","[0.8274000000000001,-0.5844,-0.9452]",-40,-85,1,0,0,response5disk,-3,2,1,0,0,rectangle,73,41,1,0,0,3,3,2.4814,1,-1,1,1,0,0,0,150,150,160,1,79,second,response1disk_3,rectangle,,,,,,,,,,,,,,,,,,,,,,,,,,,,,,,,,,,,,,,,,,,,,,,,,,,,,,,,,,,,,,,,,,,,,,
,,,,,,60eb274540d8358b70fdbb1d,62c538bf54f3a38dea76a902,2022-07-06_09h34.23.132,Colour_Asymmetry_Pilot,2022.1.3,Win32,57.43495491,62c50e9c1127f2cd403a315f,,,,,,,,,,,,,,,,,,,,onetwo,,-1,0.3694,,,,,,,,,,,,,,,,,,,,,,,,,,,,,,,,,,"[0.09799999999999986,-0.24719999999999998,0.15280000000000005]","[0.7176,-0.906,-0.6864]",-61,-111,1,0,0,response5disk,2,-5,1,0,0,rectangle,2,-5,1,0,0,3,2,0.000800001,0,2,-5,1,0,0,0,151,151,39,1,39,first,,,,,,,,,,,,,,,,,,,,,,,,,,,,,,,,,,,,,,,,,,,,,,,,,,,,,,,,,,,,,,,,,,,,,,,,
,,,,,,60eb274540d8358b70fdbb1d,62c538bf54f3a38dea76a902,2022-07-06_09h34.23.132,Colour_Asymmetry_Pilot,2022.1.3,Win32,57.43495491,62c50e9c1127f2cd403a315f,,,,,,,,,,,,,,,,,,,,onetwo,,-1,0.2749,,,,,,,,,,,,,,,,,,,,,,,,,,,,,,,,,,"[-0.9688,-0.4902000000000001,-0.12159999999999993]","[0.40379999999999994,0.09000000000000008,0.44300000000000006]",-39,-104,1,0,0,response5disk,2,-4,1,0,0,rectangle,2,-4,1,0,0,3,2,0.0001,0,2,-4,1,0,0,0,152,152,84,1,3,second,,,,,,,,,,,,,,,,,,,,,,,,,,,,,,,,,,,,,,,,,,,,,,,,,,,,,,,,,,,,,,,,,,,,,,,,
,,,,,,60eb274540d8358b70fdbb1d,62c538bf54f3a38dea76a902,2022-07-06_09h34.23.132,Colour_Asymmetry_Pilot,2022.1.3,Win32,57.43495491,62c50e9c1127f2cd403a315f,,,,,,,,,,,,,,,,,,,,fourtwo,,1,0.357200001,,,,,,,,,,,,,,,,,,,,,,,,,,,,,,,,,,"[-0.30200000000000005,0.14500000000000002,0.2784]","[0.05879999999999996,0.2784,0.5841999999999998]",45,-90,1,0,0,response3disk,16,1,1,0,0,rectangle,16,1,1,0,0,3,2,0.000300001,0,16,1,1,0,0,0,153,153,70,1,70,first,,,,,,,,,,,,,,,,,,,,,,,,,,,,,,,,,,,,,,,,,,,,,,,,,,,,,,,,,,,,,,,,,,,,,,,,
,,,,,,60eb274540d8358b70fdbb1d,62c538bf54f3a38dea76a902,2022-07-06_09h34.23.132,Colour_Asymmetry_Pilot,2022.1.3,Win32,57.43495491,62c50e9c1127f2cd403a315f,,,,,,,,,,,,,,,,,,,,onetwo,,2,0.562800001,,,,,,,,,,,,,,,,,,,,,,,,,,,,,,,,,,"[-0.4276,0.0038000000000000256,-0.3256]","[-0.26280000000000003,-0.2158,-0.3256]",73,-37,1,0,0,response3disk,17,-5,1,0,0,rectangle,17,-5,1,0,0,3,3,0.0019,0,17,-5,1,0,0,0,154,154,48,1,48,first,,,,,,,,,,,,,,,,,,,,,,,,,,,,,,,,,,,,,,,,,,,,,,,,,,,,,,,,,,,,,,,,,,,,,,,,
,,,,,,60eb274540d8358b70fdbb1d,62c538bf54f3a38dea76a902,2022-07-06_09h34.23.132,Colour_Asymmetry_Pilot,2022.1.3,Win32,57.43495491,62c50e9c1127f2cd403a315f,,,,,,,,,,,,,,,,,,,,fourtwo,,-1,0.306599998,,,,,,,,,,,,,,,,,,,,,,,,,,,,,,,,,,"[1,0.12939999999999996,-1]","[-0.011800000000000033,-0.906,-0.45100000000000007]",-37,-78,1,0,0,response5disk,-1,-2,1,0,0,rectangle,-1,-2,1,0,0,3,2,0.002199999,0,-1,-2,1,0,0,0,155,155,150,1,69,second,,,,,,,,,,,,,,,,,,,,,,,,,,,,,,,,,,,,,,,,,,,,,,,,,,,,,,,,,,,,,,,,,,,,,,,,
,,,,,,60eb274540d8358b70fdbb1d,62c538bf54f3a38dea76a902,2022-07-06_09h34.23.132,Colour_Asymmetry_Pilot,2022.1.3,Win32,57.43495491,62c50e9c1127f2cd403a315f,,,,,,,,,,,,,,,,,,,,fourtwo,,-1,0.3641,,,,,,,,,,,,,,,,,,,,,,,,,,,,,,,,,,"[-0.09019999999999995,0.44300000000000006,0.5371999999999999]","[0.09799999999999986,-0.24719999999999998,0.15280000000000005]",-29,-71,1,0,0,response5disk,-11,-6,1,0,0,rectangle,-11,-6,1,0,0,3,1,0.0054,0,-11,-6,1,0,0,0,156,156,15,1,15,first,,,,,,,,,,,,,,,,,,,,,,,,,,,,,,,,,,,,,,,,,,,,,,,,,,,,,,,,,,,,,,,,,,,,,,,,
,,,,,,60eb274540d8358b70fdbb1d,62c538bf54f3a38dea76a902,2022-07-06_09h34.23.132,Colour_Asymmetry_Pilot,2022.1.3,Win32,57.43495491,62c50e9c1127f2cd403a315f,,,,,,,,,,,,,,,,,,,,threefour,,-2,0.831099998,,,,,,,,,,,,,,,,,,,,,,,,,,,,,,,,,,"[-0.9296,-0.12959999999999994,-0.043199999999999905]","[0.6547999999999998,-0.043199999999999905,-0.011800000000000033]",-74,-38,1,0,0,response5disk,-9,-15,1,0,0,rectangle,-9,-15,1,0,0,3,2,0.0011,0,-9,-15,1,0,0,0,157,157,21,1,21,first,,,,,,,,,,,,,,,,,,,,,,,,,,,,,,,,,,,,,,,,,,,,,,,,,,,,,,,,,,,,,,,,,,,,,,,,
,,,,,,60eb274540d8358b70fdbb1d,62c538bf54f3a38dea76a902,2022-07-06_09h34.23.132,Colour_Asymmetry_Pilot,2022.1.3,Win32,57.43495491,62c50e9c1127f2cd403a315f,,,,,,,,,,,,,,,,,,,,twofour,,-1,0.433400002,,,,,,,,,,,,,,,,,,,,,,,,,,,,,,,,,,"[0.3802000000000001,0.19199999999999995,-0.6394]","[-0.09019999999999995,0.44300000000000006,0.5371999999999999]",-39,-79,1,0,0,response5disk,4,10,1,0,0,rectangle,4,10,1,0,0,3,2,0,0,4,10,1,0,0,0,158,158,119,1,38,second,,,,,,,,,,,,,,,,,,,,,,,,,,,,,,,,,,,,,,,,,,,,,,,,,,,,,,,,,,,,,,,,,,,,,,,,
,,,,,,60eb274540d8358b70fdbb1d,62c538bf54f3a38dea76a902,2022-07-06_09h34.23.132,Colour_Asymmetry_Pilot,2022.1.3,Win32,57.43495491,62c50e9c1127f2cd403a315f,,,,,,,,,,,,,,,,,,,,fourtwo,,2,0.367299999,,,,,,,,,,,,,,,,,,,,,,,,,,,,,,,,,,"[0.05879999999999996,0.2784,0.5841999999999998]","[-0.30200000000000005,0.14500000000000002,0.2784]",88,-36,1,0,0,response3disk,-6,12,1,0,0,rectangle,-6,12,1,0,0,3,3,0.002299999,0,-6,12,1,0,0,0,159,159,151,1,70,second,,,,,,,,,,,,,,,,,,,,,,,,,,,,,,,,,,,,,,,,,,,,,,,,,,,,,,,,,,,,,,,,,,,,,,,,
,,,,,,60eb274540d8358b70fdbb1d,62c538bf54f3a38dea76a902,2022-07-06_09h34.23.132,Colour_Asymmetry_Pilot,2022.1.3,Win32,57.43495491,62c50e9c1127f2cd403a315f,,,,,,,,,,,,,,,,,,,,fourtwo,,-1,0.335800001,,,,,,,,,,,,,,,,,,,,,,,,,,,,,,,,,,"[-0.48240000000000005,0.3175999999999999,0.2156]","[-0.6706000000000001,-0.6157999999999999,-0.6786]",-41,-56,1,0,0,response5disk,-11,-1,1,0,0,rectangle,-11,-1,1,0,0,3,2,0.001799999,0,-11,-1,1,0,0,0,160,160,142,1,61,second,,,,,,,,,,,,,,,,,,,,,,,,,,,,,,,,,,,,,,,,,,,,,,,,,,,,,,,,,,,,,,,,,,,,,,,,
,,,,,,60eb274540d8358b70fdbb1d,62c538bf54f3a38dea76a902,2022-07-06_09h34.23.132,Colour_Asymmetry_Pilot,2022.1.3,Win32,57.43495491,62c50e9c1127f2cd403a315f,,,,,,,,,,,,,,,,,,,,fourtwo,,-1,0.284799999,,,,,,,,,,,,,,,,,,,,,,,,,,,,,,,,,,"[0.9686000000000001,0.3802000000000001,0.19999999999999996]","[-0.4902000000000001,0.2704,-0.45899999999999996]",-26,-78,1,0,0,response5disk,-9,-1,1,0,0,rectangle,-9,-1,1,0,0,3,1,0.0015,0,-9,-1,1,0,0,0,161,161,9,1,9,first,,,,,,,,,,,,,,,,,,,,,,,,,,,,,,,,,,,,,,,,,,,,,,,,,,,,,,,,,,,,,,,,,,,,,,,,
,,,,,,60eb274540d8358b70fdbb1d,62c538bf54f3a38dea76a902,2022-07-06_09h34.23.132,Colour_Asymmetry_Pilot,2022.1.3,Win32,57.43495491,62c50e9c1127f2cd403a315f,,,,,,,,,,,,,,,,,,,,,,,,,,,,,,,,,,,,,,,,,,,,,,,,,,,,,,,,,,,,,,,,,,,,,,,,,,,,,,,,,,,,,,,,,,,,,,1,0,1,0,1,,,,,,,,,,,,,,,,,,,,,,,,,,,,,,,,,,,,,,,,,,,,,,,,,,,,,,,,,,,,,,,,,
,,,,,,60eb274540d8358b70fdbb1d,62c538bf54f3a38dea76a902,2022-07-06_09h34.23.132,Colour_Asymmetry_Pilot,2022.1.3,Win32,57.43495491,62c50e9c1127f2cd403a315f,,,,,,,,,,,,,,,,,,,,,,,,,,,,,,,,,,,,,,,,,,,,,,,,,,,,,,,,,,,,,,,,,,,,,,,,,,,,,,,,,,,,,,,,,,,,,,,,,,,space,12.0528,,8,322,-196,1,0,0,Ishi_trial_continue,0,0,0,0,1,2.jpg,,,,,,,,,,,,,,,,,,,,,,,,,,,,,,,,,,,,,,,,,,,,,,,,,
,,,,,,60eb274540d8358b70fdbb1d,62c538bf54f3a38dea76a902,2022-07-06_09h34.23.132,Colour_Asymmetry_Pilot,2022.1.3,Win32,57.43495491,62c50e9c1127f2cd403a315f,,,,,,,,,,,,,,,,,,,,,,,,,,,,,,,,,,,,,,,,,,,,,,,,,,,,,,,,,,,,,,,,,,,,,,,,,,,,,,,,,,,,,,,,,,,,,,,,,,,,,,2,320,-194,1,0,0,Ishi_trial_continue,0,1,1,8,1,10.jpg,,,,,,,,,,,,,,,,,,,,,,,,,,,,,,,,,,,,,,,,,,,,,,,,,
,,,,,,60eb274540d8358b70fdbb1d,62c538bf54f3a38dea76a902,2022-07-06_09h34.23.132,Colour_Asymmetry_Pilot,2022.1.3,Win32,57.43495491,62c50e9c1127f2cd403a315f,,,,,,,,,,,,,,,,,,,,,,,,,,,,,,,,,,,,,,,,,,,,,,,,,,,,,,,,,,,,,,,,,,,,,,,,,,,,,,,,,,,,,,,,,,,,,,,,,,,,,,57,320,-194,1,0,0,Ishi_trial_continue,0,2,2,3,1,5.jpg,,,,,,,,,,,,,,,,,,,,,,,,,,,,,,,,,,,,,,,,,,,,,,,,,
,,,,,,60eb274540d8358b70fdbb1d,62c538bf54f3a38dea76a902,2022-07-06_09h34.23.132,Colour_Asymmetry_Pilot,2022.1.3,Win32,57.43495491,62c50e9c1127f2cd403a315f,,,,,,,,,,,,,,,,,,,,,,,,,,,,,,,,,,,,,,,,,,,,,,,,,,,,,,,,,,,,,,,,,,,,,,,,,,,,,,,,,,,,,,,,,,,,,,,,,,,,,,6,320,-194,1,0,0,Ishi_trial_continue,0,3,3,9,1,11.jpg,,,,,,,,,,,,,,,,,,,,,,,,,,,,,,,,,,,,,,,,,,,,,,,,,
,,,,,,60eb274540d8358b70fdbb1d,62c538bf54f3a38dea76a902,2022-07-06_09h34.23.132,Colour_Asymmetry_Pilot,2022.1.3,Win32,57.43495491,62c50e9c1127f2cd403a315f,,,,,,,,,,,,,,,,,,,,,,,,,,,,,,,,,,,,,,,,,,,,,,,,,,,,,,,,,,,,,,,,,,,,,,,,,,,,,,,,,,,,,,,,,,,,,,,,,,,,,,73,320,-194,1,0,0,Ishi_trial_continue,0,4,4,15,1,17.jpg,,,,,,,,,,,,,,,,,,,,,,,,,,,,,,,,,,,,,,,,,,,,,,,,,
,,,,,,60eb274540d8358b70fdbb1d,62c538bf54f3a38dea76a902,2022-07-06_09h34.23.132,Colour_Asymmetry_Pilot,2022.1.3,Win32,57.43495491,62c50e9c1127f2cd403a315f,,,,,,,,,,,,,,,,,,,,,,,,,,,,,,,,,,,,,,,,,,,,,,,,,,,,,,,,,,,,,,,,,,,,,,,,,,,,,,,,,,,,,,,,,,,,,,,,,,,,,,3,320,-194,1,0,0,Ishi_trial_continue,0,5,5,5,1,7.jpg,,,,,,,,,,,,,,,,,,,,,,,,,,,,,,,,,,,,,,,,,,,,,,,,,
,,,,,,60eb274540d8358b70fdbb1d,62c538bf54f3a38dea76a902,2022-07-06_09h34.23.132,Colour_Asymmetry_Pilot,2022.1.3,Win32,57.43495491,62c50e9c1127f2cd403a315f,,,,,,,,,,,,,,,,,,,,,,,,,,,,,,,,,,,,,,,,,,,,,,,,,,,,,,,,,,,,,,,,,,,,,,,,,,,,,,,,,,,,,,,,,,,,,,,,,,,,,,29,320,-194,1,0,0,Ishi_trial_continue,0,6,6,2,1,4.jpg,,,,,,,,,,,,,,,,,,,,,,,,,,,,,,,,,,,,,,,,,,,,,,,,,
,,,,,,60eb274540d8358b70fdbb1d,62c538bf54f3a38dea76a902,2022-07-06_09h34.23.132,Colour_Asymmetry_Pilot,2022.1.3,Win32,57.43495491,62c50e9c1127f2cd403a315f,,,,,,,,,,,,,,,,,,,,,,,,,,,,,,,,,,,,,,,,,,,,,,,,,,,,,,,,,,,,,,,,,,,,,,,,,,,,,,,,,,,,,,,,,,,,,,,,,,,,,,15,320,-194,1,0,0,Ishi_trial_continue,0,7,7,6,1,8.jpg,,,,,,,,,,,,,,,,,,,,,,,,,,,,,,,,,,,,,,,,,,,,,,,,,
,,,,,,60eb274540d8358b70fdbb1d,62c538bf54f3a38dea76a902,2022-07-06_09h34.23.132,Colour_Asymmetry_Pilot,2022.1.3,Win32,57.43495491,62c50e9c1127f2cd403a315f,,,,,,,,,,,,,,,,,,,,,,,,,,,,,,,,,,,,,,,,,,,,,,,,,,,,,,,,,,,,,,,,,,,,,,,,,,,,,,,,,,,,,,,,,,,,,,,,,,,,,,97,320,-194,1,0,0,Ishi_trial_continue,0,8,8,10,1,12.jpg,,,,,,,,,,,,,,,,,,,,,,,,,,,,,,,,,,,,,,,,,,,,,,,,,
,,,,,,60eb274540d8358b70fdbb1d,62c538bf54f3a38dea76a902,2022-07-06_09h34.23.132,Colour_Asymmetry_Pilot,2022.1.3,Win32,57.43495491,62c50e9c1127f2cd403a315f,,,,,,,,,,,,,,,,,,,,,,,,,,,,,,,,,,,,,,,,,,,,,,,,,,,,,,,,,,,,,,,,,,,,,,,,,,,,,,,,,,,,,,,,,,,,,,,,,,,,,,7,320,-194,1,0,0,Ishi_trial_continue,0,9,9,13,1,15.jpg,,,,,,,,,,,,,,,,,,,,,,,,,,,,,,,,,,,,,,,,,,,,,,,,,
,,,,,,60eb274540d8358b70fdbb1d,62c538bf54f3a38dea76a902,2022-07-06_09h34.23.132,Colour_Asymmetry_Pilot,2022.1.3,Win32,57.43495491,62c50e9c1127f2cd403a315f,,,,,,,,,,,,,,,,,,,,,,,,,,,,,,,,,,,,,,,,,,,,,,,,,,,,,,,,,,,,,,,,,,,,,,,,,,,,,,,,,,,,,,,,,,,,,,,,,,,,,,45,320,-194,1,0,0,Ishi_trial_continue,0,10,10,11,1,13.jpg,,,,,,,,,,,,,,,,,,,,,,,,,,,,,,,,,,,,,,,,,,,,,,,,,
,,,,,,60eb274540d8358b70fdbb1d,62c538bf54f3a38dea76a902,2022-07-06_09h34.23.132,Colour_Asymmetry_Pilot,2022.1.3,Win32,57.43495491,62c50e9c1127f2cd403a315f,,,,,,,,,,,,,,,,,,,,,,,,,,,,,,,,,,,,,,,,,,,,,,,,,,,,,,,,,,,,,,,,,,,,,,,,,,,,,,,,,,,,,,,,,,,,,,,,,,,,,,6,320,-194,1,0,0,Ishi_trial_continue,0,11,11,1,1,3.jpg,,,,,,,,,,,,,,,,,,,,,,,,,,,,,,,,,,,,,,,,,,,,,,,,,
,,,,,,60eb274540d8358b70fdbb1d,62c538bf54f3a38dea76a902,2022-07-06_09h34.23.132,Colour_Asymmetry_Pilot,2022.1.3,Win32,57.43495491,62c50e9c1127f2cd403a315f,,,,,,,,,,,,,,,,,,,,,,,,,,,,,,,,,,,,,,,,,,,,,,,,,,,,,,,,,,,,,,,,,,,,,,,,,,,,,,,,,,,,,,,,,,,,,,,,,,,,,,74,320,-194,1,0,0,Ishi_trial_continue,0,12,12,7,1,9.jpg,,,,,,,,,,,,,,,,,,,,,,,,,,,,,,,,,,,,,,,,,,,,,,,,,
,,,,,,60eb274540d8358b70fdbb1d,62c538bf54f3a38dea76a902,2022-07-06_09h34.23.132,Colour_Asymmetry_Pilot,2022.1.3,Win32,57.43495491,62c50e9c1127f2cd403a315f,,,,,,,,,,,,,,,,,,,,,,,,,,,,,,,,,,,,,,,,,,,,,,,,,,,,,,,,,,,,,,,,,,,,,,,,,,,,,,,,,,,,,,,,,,,,,,,,,,,,,,5,320,-194,1,0,0,Ishi_trial_continue,0,13,13,4,1,6.jpg,,,,,,,,,,,,,,,,,,,,,,,,,,,,,,,,,,,,,,,,,,,,,,,,,
,,,,,,60eb274540d8358b70fdbb1d,62c538bf54f3a38dea76a902,2022-07-06_09h34.23.132,Colour_Asymmetry_Pilot,2022.1.3,Win32,57.43495491,62c50e9c1127f2cd403a315f,,,,,,,,,,,,,,,,,,,,,,,,,,,,,,,,,,,,,,,,,,,,,,,,,,,,,,,,,,,,,,,,,,,,,,,,,,,,,,,,,,,,,,,,,,,,,,,,,,,,,,16,320,-194,1,0,0,Ishi_trial_continue,0,14,14,14,1,16.jpg,,,,,,,,,,,,,,,,,,,,,,,,,,,,,,,,,,,,,,,,,,,,,,,,,
,,,,,,60eb274540d8358b70fdbb1d,62c538bf54f3a38dea76a902,2022-07-06_09h34.23.132,Colour_Asymmetry_Pilot,2022.1.3,Win32,57.43495491,62c50e9c1127f2cd403a315f,,,,,,,,,,,,,,,,,,,,,,,,,,,,,,,,,,,,,,,,,,,,,,,,,,,,,,,,,,,,,,,,,,,,,,,,,,,,,,,,,,,,,,,,,,,,,,,,,,,,,,5,320,-194,1,0,0,Ishi_trial_continue,0,15,15,12,1,14.jpg,,,,,,,,,,,,,,,,,,,,,,,,,,,,,,,,,,,,,,,,,,,,,,,,,
,,,,,,60eb274540d8358b70fdbb1d,62c538bf54f3a38dea76a902,2022-07-06_09h34.23.132,Colour_Asymmetry_Pilot,2022.1.3,Win32,57.43495491,62c50e9c1127f2cd403a315f,,,,,,,,,,,,,,,,,,,,,,,,,,,,,,,,,,,,,,,,,,,,,,,,,,,,,,,,,,,,,,,,,,,,,,,,,,,,,,,,,,,,,,,,,,,,,,,,,,,,,,,,,,,,,,,,,,,n,302,-197,1,0,0,continue_survey1,n,302,-197,1,0,0,continue_survey2,y,302,-197,1,0,0,continue_survey3,n,302,-197,1,0,0,continue_survey4,no particular strategy,302,-197,1,0,0,continue_survey5,y,306,-192,1,0,0,continue_survey6,n/a,306,-192,1,0,0,continue_survey6
